0.0
0.0
0.0
0.0
0.0
0.0
0.0
0.0
0.0
0.0
0.0
0.0
0.0
0.0
0.0
0.0
0.0
0.0
0.0
0.0
0.0
0.0
0.0
0.0
0.0
0.0
0.0
0.0
0.0
0.0
0.0
0.0
0.0
0.0
0.0
0.0
0.0
0.0
0.0
0.0
0.0
0.0
0.0
0.0
0.0
0.0
0.0
0.0
0.0
0.0
0.0
0.0
0.0
0.0
0.0
0.0
0.0
0.0
0.0
0.0
0.0
0.0
0.0
0.0
0.0
0.0
0.0
0.0
0.0
0.0
0.0
0.0
0.0
0.0
0.0
0.0
0.0
0.0
0.0
0.0
0.0
0.0
5.424892794264127
5.430006152549092
5.432590748938497
5.432812821482224
5.430838608230156
5.426834347232172
5.420966276538156
5.413400634197988
5.404303658261551
5.393841586778724
5.382180657799394
5.369487109373438
5.355927179550737
5.341667106381177
5.326873127914635
5.311711482200997
5.296348407290142
5.280950141231952
5.265682922076309
5.2507129878730945
5.23620657667219
5.222329926523479
5.20924927547684
5.197130861582156
5.18614092288931
5.17644569744818
5.1682114233086525
5.161604338520606
5.156790681133923
5.153936689198484
5.153208600764174
0.0
0.0
0.0
0.0
0.0
0.0
0.0
0.0
0.0
0.0
0.0
0.0
0.0
0.0
0.0
0.0
0.0
0.0
0.0
0.0
0.0
0.0
0.0
0.0
0.0
0.0
0.0
5.306164884956487
5.282424939419204
5.260514288624486
5.240375743749913
5.221952115973071
5.205186216471541
5.1900208564229064
5.176398847004751
5.164262999394658
5.1535561247702075
5.144221034308986
5.136200539188574
5.129437450586557
5.123874579680516
5.119454737648035
5.116120735666696
5.113815384914085
5.112481496567781
5.112061881805369
5.112499351804432
5.113736717742553
5.115716790797315
5.118382382146301
5.121676302967094
5.125541364437276
5.129920377734432
5.134756154036142
5.139991504519993
5.1455692403635656
5.151432172744443
5.157523112840209
5.1637848718284465
5.170160260886737
5.176592091192665
5.183023173923813
5.189396320257764
5.195654341372101
5.201740048444407
0.0
0.0
0.0
0.0
0.0
0.0
0.0
0.0
0.0
0.0
0.0
0.0
0.0
0.0
0.0
0.0
0.0
0.0
0.0
0.0
0.0
0.0
0.0
0.0
0.0
0.0
0.0
0.0
0.0
0.0
0.0
0.0
0.0
0.0
0.0
0.0
0.0
0.0
0.0
0.0
0.0
0.0
0.0
0.0
0.0
0.0
0.0
0.0
0.0
0.0
0.0
0.0
0.0
0.0
0.0
0.0
0.0
0.0
0.0
0.0
0.0
0.0
0.0
0.0
0.0
0.0
0.0
0.0
0.0
0.0
0.0
0.0
0.0
0.0
0.0
0.0
0.0
0.0
0.0
0.0
0.0
0.0
0.0
0.0
0.0
0.0
0.0
0.0
0.0
0.0
0.0
0.0
0.0
0.0
0.0
0.0
0.0
0.0
0.0
0.0
0.0
0.0
0.0
0.0
0.0
0.0
0.0
0.0
0.0
0.0
0.0
