0.0
0.0
0.0
0.0
0.0
0.0
0.0
0.0
0.0
0.0
0.0
0.0
0.0
0.0
0.0
0.0
0.0
0.0
0.0
0.0
0.0
0.0
0.0
0.0
0.0
0.0
0.0
0.0
0.0
0.0
0.0
0.0
0.0
0.0
0.0
0.0
0.0
0.0
0.0
0.0
0.0
0.0
0.0
0.0
0.0
0.0
0.0
0.0
0.0
0.0
5.437301854907104
5.439956061640633
5.439329964752179
5.435686622120962
5.429289091626197
5.420400431147105
5.4092836985629
5.396201951752804
5.381418248596034
5.365195646971805
5.347797204759338
5.329485979837849
5.310525030086557
5.2911774133846805
5.2717061876114375
5.252374410646043
5.233445140367718
5.21518143465568
5.197846351389145
5.181702948447334
5.167014283709461
5.154043415054748
5.14305340036241
5.134307297511667
5.128068164381735
5.1245990588518335
5.1241630388011785
0.0
0.0
0.0
0.0
0.0
0.0
0.0
0.0
0.0
0.0
0.0
0.0
0.0
0.0
0.0
0.0
0.0
0.0
0.0
0.0
0.0
0.0
0.0
5.42690840016726
5.423789959369443
5.4154138707008395
5.402414095189721
5.385424593864361
5.365079327753032
5.342012257884006
5.316857345285556
5.290248550985952
5.262819836013468
5.235205161396376
5.208038488162948
5.181953777341455
5.157584989960172
5.135566087047369
5.116531029631319
5.101113778740293
5.089948295402566
5.083668540646408
5.0829084755000915
0.0
0.0
0.0
0.0
0.0
0.0
0.0
0.0
0.0
0.0
0.0
0.0
0.0
0.0
0.0
0.0
0.0
0.0
0.0
0.0
0.0
0.0
0.0
0.0
0.0
0.0
0.0
0.0
0.0
0.0
0.0
0.0
0.0
0.0
0.0
0.0
0.0
0.0
0.0
0.0
0.0
0.0
0.0
0.0
0.0
0.0
0.0
0.0
0.0
0.0
0.0
0.0
0.0
0.0
0.0
0.0
0.0
0.0
0.0
0.0
0.0
0.0
0.0
0.0
0.0
0.0
0.0
0.0
0.0
0.0
0.0
0.0
0.0
0.0
0.0
0.0
0.0
0.0
0.0
0.0
0.0
0.0
0.0
0.0
0.0
0.0
0.0
0.0
0.0
0.0
0.0
0.0
0.0
0.0
0.0
0.0
0.0
0.0
