0.0
0.0
0.0
0.0
0.0
0.0
0.0
0.0
0.0
0.0
0.0
0.0
0.0
0.0
0.0
0.0
0.0
0.0
0.0
0.0
0.0
0.0
0.0
0.0
0.0
0.0
0.0
0.0
0.0
0.0
0.0
0.0
0.0
0.0
0.0
0.0
0.0
0.0
0.0
0.0
0.0
0.0
0.0
0.0
0.0
0.0
0.0
0.0
0.0
0.0
0.0
0.0
0.0
0.0
0.0
0.0
0.0
0.0
0.0
0.0
0.0
0.0
0.0
0.0
0.0
0.0
0.0
0.0
0.0
0.0
0.0
0.0
0.0
0.0
0.0
0.0
0.0
0.0
0.0
0.0
0.0
5.297609375159239
5.2796498390490605
5.2630087963593075
5.2476476682002735
5.233527875682257
5.220610839915551
5.208857982010453
5.198230723077254
5.188690484226255
5.180198686567747
5.172716751212027
5.166206099269391
5.160628151850132
5.155944330064545
5.152116055022929
5.149104747835576
5.146871829612781
5.1453787214648425
5.144586844502053
5.144457619834708
5.144952468573103
5.146032811827534
5.147660070708295
5.149795666325684
5.152401019789991
5.155437552211517
5.158866684700554
5.162649838367397
5.166748434322343
5.171123893675687
5.175737637537722
5.180551087018746
5.185525663229054
5.19062278727894
5.1958038802786985
5.201030363338628
5.20626365756902
5.211465184080172
5.21659636398238
5.2216186183859365
5.226493368401139
5.231182035138282
0.0
0.0
0.0
0.0
0.0
0.0
0.0
0.0
0.0
0.0
0.0
0.0
0.0
0.0
0.0
5.412541279003218
5.427223453444062
5.434299451309658
5.434629012715936
5.429071877778828
5.418487786614266
5.403736479338184
5.385677696066512
5.365171176915185
5.343076662000135
5.320253891437291
5.297562605342588
5.275862543831959
5.256013447021335
5.238875055026648
5.225307107963832
5.216169345948817
0.0
0.0
0.0
0.0
0.0
0.0
0.0
0.0
0.0
0.0
0.0
0.0
0.0
0.0
0.0
0.0
0.0
0.0
0.0
0.0
0.0
0.0
0.0
0.0
0.0
0.0
0.0
0.0
0.0
0.0
0.0
0.0
0.0
0.0
0.0
0.0
0.0
0.0
0.0
0.0
0.0
0.0
0.0
0.0
0.0
0.0
0.0
0.0
0.0
0.0
0.0
0.0
0.0
0.0
0.0
0.0
0.0
0.0
0.0
0.0
0.0
0.0
0.0
0.0
0.0
0.0
0.0
0.0
0.0
0.0
