0.0
0.0
0.0
0.0
0.0
0.0
0.0
0.0
0.0
0.0
0.0
0.0
0.0
0.0
0.0
0.0
0.0
0.0
0.0
0.0
0.0
0.0
0.0
0.0
0.0
0.0
0.0
0.0
0.0
0.0
0.0
0.0
0.0
0.0
0.0
0.0
0.0
0.0
0.0
0.0
0.0
0.0
0.0
0.0
0.0
0.0
0.0
0.0
0.0
0.0
0.0
0.0
0.0
0.0
0.0
0.0
0.0
0.0
0.0
0.0
0.0
0.0
0.0
0.0
0.0
0.0
0.0
0.0
0.0
0.0
0.0
0.0
0.0
0.0
0.0
0.0
0.0
0.0
0.0
0.0
0.0
0.0
0.0
0.0
0.0
0.0
0.0
0.0
0.0
0.0
0.0
0.0
0.0
0.0
0.0
0.0
0.0
5.448257461421111
5.450409409309184
5.452950595719542
5.455825545611158
5.458978783943013
5.462354835674082
5.465898225763344
5.469553479169776
5.4732651208523535
5.476977675770055
5.480635668881856
5.484183625146736
5.487566069523672
5.490727526971639
5.493612522449615
5.496165580916578
5.498331227331505
5.500053986653373
5.501278383841159
5.50194894385384
5.502010191650394
5.501406652189796
5.500082850431025
5.497983311333059
5.495052559854873
5.491235120955445
5.486475519593754
5.480718280728774
5.473907929319484
0.0
0.0
0.0
0.0
0.0
0.0
0.0
0.0
0.0
0.0
0.0
0.0
0.0
0.0
0.0
0.0
5.408564197218572
5.420209440145767
5.426804735561627
5.42877887366268
5.426560644645451
5.420578838706465
5.411262246042245
5.3990396568493155
5.384339861324204
5.367591649663432
5.349223812063526
5.329665138721013
5.3093444198324145
5.288690445594256
5.268132006203062
5.248097891855357
5.229016892747668
5.211317799076518
5.195429401038432
5.1817804888299355
5.170799852647552
5.162916282687806
5.158558569147225
0.0
0.0
0.0
0.0
0.0
0.0
0.0
0.0
0.0
0.0
0.0
0.0
0.0
0.0
0.0
0.0
0.0
0.0
0.0
0.0
0.0
0.0
0.0
0.0
0.0
0.0
0.0
0.0
0.0
0.0
0.0
0.0
0.0
0.0
0.0
0.0
0.0
0.0
0.0
0.0
0.0
0.0
0.0
0.0
0.0
0.0
0.0
0.0
0.0
0.0
0.0
0.0
0.0
0.0
0.0
0.0
0.0
0.0
0.0
0.0
0.0
0.0
0.0
0.0
0.0
0.0
0.0
0.0
0.0
0.0
0.0
0.0
0.0
0.0
0.0
0.0
0.0
0.0
0.0
0.0
0.0
0.0
0.0
0.0
0.0
0.0
0.0
0.0
0.0
0.0
0.0
0.0
