0.0
0.0
0.0
0.0
0.0
0.0
0.0
0.0
0.0
0.0
0.0
0.0
0.0
0.0
0.0
0.0
0.0
0.0
0.0
0.0
0.0
0.0
0.0
0.0
0.0
0.0
0.0
0.0
0.0
0.0
0.0
0.0
0.0
0.0
0.0
0.0
0.0
0.0
0.0
0.0
0.0
0.0
0.0
0.0
0.0
0.0
0.0
0.0
5.296204061208962
5.25999775190283
5.228573816236176
5.20167856033574
5.179058290328264
5.160459312340486
5.145627932499149
5.134310456930994
5.12625319176276
5.121202443121186
5.118904517133016
5.11910571992499
5.121552357623846
5.125990736356329
5.132167162249175
5.139827941429128
5.148719380022927
5.158587784157312
5.169179459959024
5.180240713554806
5.191517851071396
5.202757178635534
5.213705002373963
0.0
0.0
0.0
0.0
5.289337861657709
5.253751422876019
5.222454862098514
5.195241530739654
5.171904780213898
5.152237961935704
5.13603442731953
5.123087527779834
5.113190614731075
5.106137039587712
5.1017201537642025
5.099733308675005
5.099969855734579
5.102223146357381
5.10628653195787
5.111953363950506
5.119016993749745
5.127270772770047
5.136508052425871
5.1465221841316735
5.157106519301914
5.1680544093510505
5.1791592056935425
5.190214259743847
5.201012922916422
0.0
0.0
0.0
5.295262001668571
5.264408026054592
5.236492719851726
5.211405044709817
5.18903396227871
5.16926843420825
5.151997422148282
5.1371098877486485
5.1244947926591955
5.114041098529767
5.105637767010209
5.099173759750364
5.094538038400077
5.091619564609194
5.090307300027557
5.090490206305013
5.092057245091405
5.0948973780365785
5.098899566790377
5.103952773002645
5.109945958323229
5.116768084401971
5.124308112888718
5.132455005433313
5.141097723685599
5.150125229295423
5.159426483912629
5.168890449187062
5.1784060867685655
5.187862358306984
0.0
0.0
0.0
5.3425504207848356
5.336347775867358
5.32936328061974
5.3216527324992695
5.313271928963239
5.304276667468939
5.294722745473658
5.284665960434687
5.274162109809314
5.263266991054831
5.252036401628528
5.240526138987694
5.2287920005896185
5.2168897838915935
5.204875286350908
5.1928043054248505
5.180732638570714
5.168716083245786
5.156810436907358
5.145071497012719
5.133555061019157
5.122316926383967
5.111412890564436
5.100898751017853
5.090830305201511
5.081263350572697
5.072253684588703
5.063857104706817
5.056129408384332
5.049126393078534
5.042903856246718
5.037517595346169
5.03302340783418
5.02947709116804
5.0269344428050395
5.025451260202466
5.0250833408176145
5.025886482107771
5.027916481530227
5.031229136542271
5.035880244601196
5.041925603164289
0.0
0.0
0.0
0.0
0.0
0.0
0.0
0.0
0.0
0.0
0.0
0.0
0.0
0.0
0.0
0.0
0.0
0.0
0.0
0.0
0.0
0.0
0.0
0.0
0.0
0.0
0.0
0.0
0.0
0.0
0.0
0.0
0.0
0.0
0.0
0.0
0.0
0.0
0.0
0.0
