0.0
0.0
0.0
0.0
0.0
0.0
0.0
0.0
0.0
0.0
0.0
0.0
0.0
0.0
0.0
0.0
0.0
0.0
0.0
0.0
0.0
0.0
0.0
0.0
0.0
0.0
0.0
0.0
0.0
0.0
0.0
0.0
0.0
0.0
0.0
0.0
0.0
0.0
0.0
0.0
0.0
0.0
0.0
0.0
0.0
0.0
0.0
0.0
0.0
0.0
0.0
0.0
0.0
0.0
0.0
0.0
0.0
0.0
0.0
0.0
0.0
0.0
0.0
0.0
0.0
0.0
0.0
0.0
0.0
0.0
0.0
0.0
0.0
0.0
0.0
0.0
0.0
0.0
0.0
0.0
0.0
0.0
0.0
0.0
0.0
5.451414108276367
5.455234527587891
5.453956127166748
5.4480743408203125
5.438085556030273
5.424484729766846
5.407768726348877
5.38843297958374
5.366972923278809
5.34388542175293
5.319665431976318
5.294808864593506
5.269811153411865
5.245169162750244
5.221378326416016
5.198934555053711
5.178333759307861
5.160070896148682
5.144642353057861
5.13254451751709
5.124272346496582
5.1203227043151855
5.121190071105957
0.0
0.0
0.0
0.0
0.0
0.0
0.0
0.0
0.0
0.0
0.0
0.0
0.0
0.0
0.0
0.0
5.452522277832031
5.459134101867676
5.468206405639648
5.478823661804199
5.4900712966918945
5.50103759765625
5.510805606842041
5.518462181091309
5.523093223571777
5.5237836837768555
5.519619941711426
5.509687423706055
0.0
0.0
0.0
0.0
0.0
0.0
0.0
0.0
0.0
0.0
0.0
0.0
0.0
0.0
0.0
0.0
0.0
0.0
0.0
0.0
0.0
5.41361141204834
5.443230628967285
5.460298538208008
5.466304302215576
5.462736129760742
5.451082706451416
5.432833671569824
5.409477233886719
5.382501602172852
5.353396415710449
5.323650360107422
5.2947516441345215
5.268189430236816
5.245452404022217
5.228029251098633
5.217408180236816
0.0
0.0
0.0
0.0
0.0
0.0
0.0
0.0
0.0
5.255996227264404
5.255178928375244
5.252300262451172
5.247542858123779
5.241086483001709
5.233114719390869
5.223807334899902
5.213346481323242
5.201912879943848
5.1896891593933105
5.17685604095459
5.163595199584961
5.150087833404541
5.136516094207764
5.1230597496032715
5.1099019050598145
5.09722375869751
5.085205554962158
5.07403039932251
5.063878059387207
5.054931640625
5.0473713874816895
5.041378974914551
5.037136077880859
5.034824371337891
5.0346245765686035
5.036718845367432
5.041287899017334
5.048513412475586
5.058578014373779
0.0
0.0
0.0
0.0
0.0
0.0
0.0
0.0
0.0
0.0
0.0
0.0
0.0
0.0
0.0
0.0
0.0
0.0
0.0
0.0
0.0
0.0
0.0
0.0
0.0
0.0
0.0
0.0
0.0
0.0
0.0
0.0
0.0
0.0
0.0
0.0
0.0
0.0
0.0
0.0
0.0
0.0
0.0
0.0
0.0
0.0
0.0
0.0
0.0
0.0
0.0
0.0
0.0
0.0
0.0
0.0
0.0
0.0
0.0
0.0
0.0
0.0
0.0
0.0
0.0
0.0
0.0
0.0
0.0
0.0
0.0
0.0
0.0
0.0
0.0
0.0
0.0
0.0
0.0
0.0
0.0
0.0
0.0
0.0
0.0
0.0
0.0
0.0
0.0
0.0
0.0
0.0
0.0
0.0
0.0
0.0
0.0
0.0
0.0
0.0
0.0
0.0
0.0
0.0
0.0
0.0
0.0
0.0
0.0
0.0
0.0
0.0
0.0
0.0
0.0
0.0
0.0
0.0
0.0
0.0
0.0
0.0
0.0
0.0
0.0
0.0
0.0
0.0
0.0
0.0
0.0
0.0
0.0
0.0
0.0
0.0
0.0
0.0
0.0
0.0
0.0
0.0
0.0
0.0
0.0
0.0
0.0
0.0
0.0
