0.0
0.0
0.0
0.0
0.0
0.0
0.0
0.0
0.0
0.0
0.0
0.0
0.0
0.0
0.0
0.0
0.0
0.0
0.0
0.0
0.0
0.0
0.0
0.0
0.0
0.0
0.0
0.0
0.0
0.0
0.0
0.0
0.0
0.0
0.0
0.0
0.0
0.0
0.0
0.0
0.0
0.0
0.0
0.0
0.0
0.0
0.0
0.0
0.0
0.0
0.0
0.0
0.0
0.0
0.0
0.0
0.0
0.0
0.0
0.0
0.0
0.0
0.0
0.0
0.0
0.0
0.0
0.0
0.0
0.0
0.0
0.0
0.0
0.0
5.377157088759878
5.355651310576826
5.339696802431726
5.328723765717763
5.322162401828116
5.319442912155969
5.319995498094505
5.323250361036903
5.3286377023763505
5.335587723506025
5.34353062581911
5.351896610708788
5.360115879568241
5.367618633790652
5.373835074769202
5.378195403897074
0.0
0.0
0.0
0.0
0.0
0.0
0.0
0.0
0.0
0.0
0.0
0.0
0.0
0.0
5.318962035226647
5.3018035276547195
5.281198578686372
5.257755058926508
5.23208083898003
5.2047837894518425
5.176471780946845
5.147752684069945
5.119234369426043
5.091524707620043
5.065231569256846
5.040962824941357
5.019326345278478
5.000930000873113
4.986381662330164
4.9762892002545325
4.971260485251124
4.971903387924841
4.978825778880585
0.0
0.0
0.0
0.0
0.0
0.0
0.0
0.0
0.0
0.0
0.0
0.0
0.0
0.0
0.0
0.0
0.0
5.464278506010744
5.46299586132202
5.462459684538398
5.462613766942564
5.4634018998172
5.4647678744449895
5.466655482108617
5.469008514090767
5.471770761674123
5.474886016141367
5.478298068775185
5.481950710858261
5.485787733673277
5.489752928502918
5.493790086629868
5.49784299933681
5.501855457906428
5.505771253621406
5.5095341777644276
5.513088021618178
5.516376576465339
5.519343633588596
5.521932984270631
5.524088419794129
5.525753731441775
5.52687271049625
5.52738914824024
5.5272468359564275
5.5263895649274986
5.524761126436134
5.52230531176502
5.518965912196839
5.514686719014275
5.509411523500012
0.0
0.0
0.0
0.0
0.0
0.0
0.0
0.0
0.0
0.0
0.0
0.0
0.0
0.0
0.0
0.0
0.0
0.0
0.0
0.0
0.0
0.0
0.0
0.0
0.0
0.0
0.0
0.0
0.0
0.0
0.0
0.0
0.0
0.0
0.0
0.0
0.0
0.0
0.0
0.0
0.0
0.0
0.0
0.0
0.0
0.0
0.0
0.0
0.0
0.0
0.0
0.0
0.0
0.0
0.0
0.0
0.0
0.0
0.0
0.0
0.0
0.0
0.0
0.0
0.0
0.0
0.0
0.0
0.0
0.0
0.0
0.0
0.0
0.0
0.0
0.0
