0.0
0.0
0.0
0.0
0.0
0.0
0.0
0.0
0.0
0.0
0.0
0.0
0.0
0.0
0.0
0.0
0.0
0.0
0.0
0.0
0.0
0.0
0.0
0.0
0.0
0.0
0.0
0.0
0.0
0.0
0.0
0.0
0.0
0.0
0.0
0.0
0.0
0.0
0.0
0.0
0.0
0.0
0.0
0.0
0.0
0.0
0.0
0.0
0.0
0.0
0.0
0.0
0.0
0.0
0.0
0.0
0.0
0.0
0.0
0.0
0.0
0.0
0.0
0.0
5.444084644317627
5.455244064331055
5.456053733825684
5.447903156280518
5.432186603546143
5.410295486450195
5.3836212158203125
5.353557586669922
5.3214945793151855
5.288825988769531
5.256943702697754
5.227239608764648
5.20110559463501
5.179934024810791
5.165117263793945
5.158047676086426
0.0
0.0
0.0
0.0
0.0
0.0
0.0
0.0
0.0
0.0
0.0
0.0
0.0
5.319983959197998
5.307016372680664
5.283080101013184
5.250541687011719
5.211766719818115
5.169125080108643
5.12498140335083
5.081705570220947
5.041662693023682
5.00722074508667
4.980747699737549
4.964609146118164
4.961174011230469
4.972808837890625
0.0
0.0
0.0
0.0
0.0
0.0
0.0
0.0
0.0
0.0
0.0
0.0
0.0
0.0
0.0
5.464404106140137
5.464092254638672
5.4646315574646
5.465932369232178
5.467905044555664
5.470459938049316
5.473507881164551
5.476958274841309
5.480722427368164
5.484710693359375
5.488833427429199
5.4930009841918945
5.4971232414245605
5.50111198425293
5.504876613616943
5.508327484130859
5.511375904083252
5.5139312744140625
5.515904426574707
5.517206192016602
5.517746925354004
5.5174360275268555
5.5161848068237305
5.513904571533203
5.510503768920898
5.505894184112549
5.499985218048096
5.49268913269043
0.0
0.0
0.0
0.0
0.0
0.0
0.0
0.0
0.0
0.0
0.0
0.0
0.0
0.0
0.0
0.0
0.0
0.0
0.0
0.0
0.0
0.0
0.0
0.0
0.0
0.0
0.0
0.0
0.0
0.0
0.0
0.0
0.0
0.0
0.0
0.0
0.0
0.0
0.0
0.0
0.0
0.0
0.0
0.0
0.0
0.0
0.0
0.0
0.0
0.0
0.0
0.0
0.0
0.0
0.0
0.0
0.0
0.0
0.0
0.0
0.0
0.0
0.0
0.0
0.0
0.0
0.0
0.0
0.0
0.0
0.0
0.0
0.0
0.0
0.0
0.0
0.0
0.0
0.0
0.0
0.0
0.0
0.0
0.0
0.0
0.0
0.0
0.0
0.0
0.0
0.0
0.0
0.0
0.0
0.0
0.0
0.0
0.0
0.0
0.0
0.0
0.0
0.0
0.0
0.0
0.0
0.0
0.0
0.0
0.0
0.0
