0.0
0.0
0.0
0.0
0.0
0.0
0.0
0.0
0.0
0.0
0.0
0.0
0.0
0.0
0.0
0.0
0.0
0.0
0.0
0.0
0.0
0.0
0.0
0.0
0.0
0.0
0.0
0.0
0.0
0.0
0.0
0.0
0.0
0.0
0.0
0.0
0.0
0.0
0.0
0.0
0.0
0.0
0.0
0.0
0.0
0.0
0.0
0.0
0.0
0.0
0.0
0.0
0.0
0.0
0.0
0.0
0.0
0.0
0.0
0.0
0.0
0.0
0.0
0.0
0.0
0.0
0.0
0.0
0.0
0.0
0.0
0.0
0.0
0.0
5.464604377746582
5.466114044189453
5.468675136566162
5.47213888168335
5.476355075836182
5.481174945831299
5.486448764801025
5.492027282714844
5.497760772705078
5.503499984741211
5.509095191955566
5.514397144317627
5.519256591796875
5.523524284362793
5.527050018310547
5.529685020446777
5.53127908706665
5.531683444976807
5.5307488441467285
5.52832555770874
5.524263858795166
5.518414497375488
0.0
0.0
0.0
5.457555294036865
5.461159706115723
5.465152740478516
5.469454765319824
5.4739861488342285
5.478666305541992
5.483416557312012
5.488156318664551
5.492806911468506
5.497287750244141
5.501518726348877
5.505420684814453
5.508914947509766
5.5119194984436035
5.51435661315918
5.5161452293396
5.517206192016602
5.517459869384766
5.516826629638672
5.515225887298584
5.512578964233398
5.508805274963379
5.5038251876831055
0.0
0.0
0.0
0.0
0.0
0.0
0.0
0.0
0.0
5.442317485809326
5.452213764190674
5.448318004608154
5.432859897613525
5.408066272735596
5.376166820526123
5.339389324188232
5.299963474273682
5.260117053985596
5.222078800201416
5.188076496124268
5.160339832305908
5.141097545623779
5.1325764656066895
0.0
0.0
0.0
0.0
0.0
0.0
0.0
0.0
0.0
0.0
0.0
0.0
0.0
0.0
0.0
0.0
0.0
0.0
0.0
0.0
0.0
0.0
5.364388942718506
5.375925064086914
5.3803839683532715
5.378604888916016
5.371425151824951
5.359684944152832
5.344220161437988
5.325871467590332
5.305476188659668
5.283874034881592
5.26190185546875
5.240399360656738
5.2202043533325195
5.202155113220215
5.18709135055542
5.175849914550781
5.169270038604736
5.168190956115723
0.0
0.0
0.0
0.0
0.0
0.0
0.0
0.0
0.0
0.0
0.0
0.0
0.0
0.0
0.0
0.0
0.0
0.0
0.0
0.0
0.0
0.0
0.0
0.0
0.0
0.0
0.0
0.0
0.0
0.0
0.0
0.0
0.0
0.0
0.0
0.0
0.0
0.0
0.0
0.0
0.0
0.0
0.0
0.0
0.0
0.0
0.0
0.0
0.0
0.0
0.0
0.0
0.0
0.0
0.0
0.0
0.0
0.0
0.0
0.0
0.0
0.0
0.0
0.0
0.0
0.0
0.0
0.0
0.0
0.0
0.0
0.0
0.0
0.0
0.0
0.0
0.0
0.0
0.0
0.0
0.0
0.0
0.0
0.0
0.0
0.0
0.0
0.0
0.0
0.0
0.0
0.0
0.0
0.0
0.0
0.0
0.0
0.0
0.0
0.0
0.0
0.0
0.0
0.0
0.0
0.0
0.0
0.0
0.0
0.0
0.0
0.0
0.0
0.0
0.0
0.0
0.0
0.0
0.0
0.0
0.0
0.0
0.0
0.0
0.0
