0.0
0.0
0.0
0.0
0.0
0.0
0.0
0.0
0.0
0.0
0.0
0.0
0.0
0.0
0.0
0.0
0.0
0.0
0.0
0.0
0.0
0.0
0.0
0.0
0.0
0.0
0.0
0.0
0.0
0.0
0.0
0.0
0.0
0.0
0.0
0.0
0.0
0.0
0.0
0.0
0.0
0.0
0.0
0.0
0.0
0.0
0.0
0.0
0.0
0.0
0.0
0.0
0.0
0.0
0.0
0.0
0.0
0.0
0.0
0.0
0.0
0.0
0.0
0.0
0.0
0.0
0.0
0.0
5.401645183563232
5.439791679382324
5.457606315612793
5.458363056182861
5.445335388183594
5.421797752380371
5.391023635864258
5.356287002563477
5.320860862731934
5.288020610809326
5.261038780212402
5.243189811706543
0.0
0.0
0.0
0.0
0.0
0.0
0.0
0.0
0.0
0.0
0.0
0.0
0.0
0.0
5.406327724456787
5.432971477508545
5.443537712097168
5.440479278564453
5.426252841949463
5.403312683105469
5.374114036560059
5.34111213684082
5.3067626953125
5.273519039154053
5.243838310241699
5.220174789428711
5.204983234405518
0.0
0.0
0.0
0.0
0.0
0.0
0.0
0.0
0.0
0.0
0.0
0.0
0.0
0.0
0.0
5.425164699554443
5.428966045379639
5.433495044708252
5.4386305809021
5.444253444671631
5.450241565704346
5.456476211547852
5.462836265563965
5.46920108795166
5.4754509925842285
5.481464862823486
5.487122058868408
5.492303371429443
5.496887683868408
5.500753879547119
5.503782749176025
5.505852699279785
5.506844520568848
5.5066375732421875
5.505111217498779
5.5021443367004395
5.497618198394775
5.491409778594971
5.483401775360107
0.0
0.0
0.0
0.0
0.0
0.0
0.0
0.0
0.0
0.0
0.0
0.0
0.0
0.0
0.0
0.0
0.0
0.0
0.0
0.0
0.0
0.0
0.0
0.0
0.0
0.0
0.0
0.0
0.0
0.0
0.0
0.0
0.0
0.0
0.0
0.0
0.0
0.0
0.0
0.0
0.0
0.0
0.0
0.0
0.0
0.0
0.0
0.0
0.0
0.0
0.0
0.0
0.0
0.0
0.0
0.0
0.0
0.0
0.0
0.0
0.0
0.0
0.0
0.0
0.0
0.0
0.0
0.0
0.0
0.0
0.0
5.433297157287598
5.431338310241699
5.432898044586182
5.437217712402344
5.443538665771484
5.451100826263428
5.459145545959473
5.46691370010376
5.47364616394043
5.478582859039307
5.480965614318848
5.480034828186035
5.475030422210693
5.4651947021484375
0.0
0.0
0.0
0.0
0.0
0.0
0.0
5.34523868560791
5.3580780029296875
5.362195014953613
5.358664035797119
5.34855842590332
5.33295202255249
5.312917709350586
5.289529323577881
5.263861179351807
5.23698616027832
5.209977626800537
5.183909893035889
5.159855842590332
5.138889789581299
5.122084617614746
5.110514163970947
5.105252265930176
5.107372283935547
0.0
0.0
0.0
0.0
0.0
0.0
0.0
5.4106669425964355
5.438136577606201
5.450139045715332
5.448938846588135
5.436799049377441
5.415982246398926
5.388751983642578
5.357372283935547
5.324105262756348
5.291214942932129
5.2609639167785645
5.235616683959961
5.217434406280518
0.0
0.0
0.0
0.0
0.0
0.0
0.0
0.0
5.216413974761963
5.224982738494873
5.228887557983398
5.2286295890808105
5.2247114181518555
5.217635154724121
5.207900524139404
5.196011066436768
5.182467937469482
5.167771816253662
5.152425289154053
5.136929988861084
5.1217875480651855
5.107498645782471
5.0945658683776855
5.08349084854126
5.074774742126465
5.0689191818237305
5.066426753997803
5.067797660827637
5.0735344886779785
0.0
0.0
0.0
0.0
0.0
0.0
0.0
0.0
0.0
0.0
0.0
5.403056621551514
5.440029144287109
5.460935592651367
5.467892169952393
5.463014125823975
5.448418140411377
5.4262189865112305
5.398532867431641
5.367475509643555
5.335163593292236
5.303711414337158
5.275235652923584
5.251852035522461
5.2356767654418945
0.0
0.0
0.0
0.0
0.0
0.0
0.0
0.0
0.0
0.0
0.0
0.0
0.0
0.0
0.0
0.0
5.299535751342773
5.270131587982178
5.246323108673096
5.228269100189209
5.216130256652832
5.210068702697754
5.2102437019348145
5.216816425323486
5.229947566986084
0.0
0.0
0.0
0.0
0.0
0.0
0.0
0.0
0.0
0.0
0.0
0.0
5.442676067352295
5.445986747741699
5.451338768005371
5.458239555358887
5.466195583343506
5.474713325500488
5.483299732208252
5.491460800170898
5.498703956604004
5.50453519821167
5.508460998535156
5.509989261627197
5.5086259841918945
5.503876686096191
5.495248794555664
0.0
0.0
0.0
0.0
0.0
0.0
0.0
0.0
0.0
5.425159454345703
5.426739692687988
5.429152011871338
5.432305335998535
5.436105251312256
5.440460681915283
5.445279121398926
5.450467109680176
5.455933094024658
5.461584091186523
5.4673285484313965
5.473072528839111
5.478725433349609
5.484192848205566
5.489383220672607
5.494204998016357
5.498563766479492
5.502368927001953
5.505527019500732
5.507945537567139
5.509532928466797
5.510195255279541
5.5098419189453125
5.508378028869629
5.505713939666748
5.501755237579346
5.496410369873047
5.489586353302002
5.4811906814575195
0.0
0.0
0.0
0.0
0.0
0.0
0.0
0.0
0.0
0.0
0.0
0.0
0.0
0.0
0.0
0.0
0.0
0.0
0.0
0.0
0.0
0.0
0.0
0.0
0.0
0.0
0.0
0.0
0.0
0.0
0.0
0.0
0.0
0.0
0.0
0.0
0.0
0.0
0.0
0.0
0.0
0.0
0.0
0.0
0.0
0.0
0.0
0.0
0.0
0.0
0.0
0.0
0.0
0.0
0.0
0.0
0.0
0.0
0.0
0.0
0.0
0.0
0.0
0.0
0.0
0.0
0.0
0.0
0.0
0.0
0.0
0.0
0.0
0.0
0.0
0.0
0.0
0.0
0.0
0.0
0.0
0.0
0.0
0.0
0.0
0.0
0.0
0.0
0.0
0.0
0.0
0.0
0.0
0.0
0.0
0.0
0.0
0.0
0.0
0.0
0.0
0.0
0.0
0.0
0.0
0.0
0.0
0.0
0.0
0.0
0.0
0.0
0.0
0.0
0.0
0.0
0.0
0.0
0.0
0.0
0.0
0.0
0.0
0.0
0.0
0.0
0.0
0.0
0.0
0.0
0.0
0.0
0.0
0.0
0.0
0.0
0.0
0.0
0.0
0.0
0.0
0.0
0.0
0.0
0.0
0.0
0.0
0.0
0.0
0.0
0.0
0.0
0.0
0.0
0.0
0.0
0.0
