0.0
0.0
0.0
0.0
0.0
0.0
0.0
0.0
0.0
0.0
0.0
0.0
0.0
0.0
0.0
0.0
0.0
0.0
0.0
0.0
0.0
0.0
0.0
0.0
0.0
0.0
0.0
0.0
0.0
0.0
0.0
0.0
0.0
0.0
0.0
0.0
0.0
0.0
0.0
0.0
0.0
0.0
0.0
0.0
0.0
0.0
0.0
0.0
0.0
0.0
0.0
0.0
0.0
0.0
0.0
0.0
0.0
0.0
0.0
0.0
0.0
0.0
0.0
5.30316542115966
5.275962762184233
5.251102044986167
5.228502731899996
5.208084285260252
5.189766167401468
5.173467840658176
5.159108767364911
5.146608409856201
5.135886230466584
5.126861691530588
5.119454255382749
5.113583384357597
5.109168540789667
5.106129187013488
5.104384785363597
5.103854798174524
5.104458687780801
5.106115916516963
5.108745946717541
5.112268240717069
5.116602260850076
5.121667469451099
5.127383328854668
5.133669301395317
5.140444849407577
5.147629435225982
5.155142521185064
5.162903569619356
5.170832042863391
0.0
0.0
0.0
0.0
0.0
0.0
0.0
5.43272168099836
5.431748352132325
5.42856595302389
5.423354286924294
5.416293157084775
5.4075623667565775
5.397341719190938
5.385811017639098
5.373150065352298
5.359538665581777
5.345156621578775
5.330183736594535
5.314799813880293
5.29918465668729
5.283518068266768
5.267979851869967
5.252749810748125
5.238007748152484
5.223933467334282
5.210706771544761
5.198507464035161
5.187515348056721
5.177910226860681
5.169871903698283
5.163580181820766
5.1592148644793685
5.156955754925333
5.156982656409899
0.0
0.0
0.0
0.0
0.0
0.0
0.0
0.0
0.0
0.0
0.0
0.0
5.43677914514907
5.436321275290676
5.430091587706053
5.418975143955901
5.4038570056009245
5.385622234201824
5.3651558913193025
5.343343038514061
5.321068737346805
5.299218049378233
5.278676036169047
5.260327759279953
5.245058280271651
5.233752660704842
5.2272959621402295
0.0
0.0
0.0
0.0
0.0
0.0
5.423941669479252
5.431134432366165
5.422266029407204
5.400843830336179
5.370375204886899
5.334367522793176
5.29632815378882
5.259764467607641
5.228183833983451
5.20509362265006
0.0
0.0
0.0
0.0
0.0
0.0
0.0
5.317760398279371
5.289735181179473
5.254294453843005
5.213681012040829
5.170137651543805
5.1259071681227955
5.083232357548659
5.044356015592257
5.011520938024449
4.986969920616098
4.972945759138063
4.971691249361204
0.0
0.0
0.0
0.0
0.0
0.0
0.0
0.0
0.0
0.0
0.0
0.0
5.2911701711515695
5.245421825435445
5.207384420827205
5.1765335731664095
5.1523448982926165
5.134294012045387
5.121856530264278
5.11450806878885
5.111724243458662
5.112980670113273
5.117752964592242
5.125516742735129
5.1357476203814905
5.14792121337089
5.161513137542883
5.175999008737032
5.190854442792892
5.205555055550025
0.0
0.0
0.0
0.0
0.0
0.0
0.0
0.0
0.0
0.0
0.0
0.0
0.0
0.0
0.0
0.0
5.426489479646295
5.4366475958317535
5.4431921292105345
5.446372013401156
5.446436182022142
5.443633568692011
5.438213107029284
5.4304237306524845
5.42051437318013
5.408733968230745
5.39533144942285
5.380555750374962
5.364655804705606
5.347880546033302
5.330478907976571
5.312699824153933
5.29479222818391
5.277005053685023
5.2595872342757914
5.24278770357474
5.226855395200386
5.21203924277125
5.198588179905856
5.186751140222723
5.176777057340374
5.168914864877328
5.1634134964521055
5.160521885683228
0.0
0.0
0.0
0.0
0.0
0.0
0.0
0.0
0.0
0.0
0.0
0.0
0.0
0.0
0.0
0.0
0.0
0.0
0.0
0.0
0.0
0.0
5.402398343618782
5.392995555031307
5.3849297386045265
5.3780915873914505
5.3723717944450895
5.367661052818453
5.363850055564553
5.360829495736399
5.358490066387003
5.356722460569375
5.355417371336524
5.354465491741464
5.353757514837203
5.353184133676752
5.352636041313121
5.352003930799323
5.351178495188366
5.350050427533262
5.3485104208870204
0.0
5.388288592528706
5.381427121522384
5.376337323189187
5.372860159914381
5.370836594083232
5.3701075880810025
5.37051410429296
5.371897105104367
5.37409755290049
5.376956410066591
5.3803146389879375
5.384013202049794
5.387893061637423
5.391795180136094
5.395560519931066
5.399030043407607
5.402044712950982
5.404445490946454
5.406073339779289
5.406769221834751
5.406374099498106
5.404728935154619
5.401674691189552
0.0
0.0
0.0
0.0
5.421672665935206
5.4452603622870255
5.453555326456473
5.4487790822662685
5.433153153539123
5.408899064097753
5.378238337764876
5.343392498363207
5.306583069715462
5.270031575644356
5.235959539972605
5.206588486522924
5.1841399391180305
0.0
0.0
0.0
0.0
0.0
0.0
0.0
0.0
0.0
0.0
0.0
0.0
0.0
0.0
0.0
0.0
5.325549186251737
5.314631289317985
5.298274384958476
5.277306822223342
5.252556950162715
5.224853117826723
5.195023674265501
5.163896968529178
5.132301349667885
5.101065166731754
5.071016768770916
5.042984504835501
5.017796723975641
4.996281775241467
4.9792680076831095
4.9675837703507
4.96205741229437
4.96351728256425
4.972791730210471
0.0
0.0
0.0
0.0
0.0
0.0
0.0
0.0
0.0
0.0
0.0
0.0
0.0
0.0
0.0
0.0
0.0
0.0
0.0
0.0
0.0
0.0
0.0
0.0
0.0
0.0
0.0
0.0
0.0
0.0
0.0
0.0
0.0
0.0
0.0
0.0
0.0
0.0
0.0
0.0
0.0
0.0
0.0
0.0
0.0
0.0
0.0
0.0
0.0
0.0
0.0
0.0
0.0
0.0
0.0
0.0
0.0
0.0
0.0
0.0
0.0
0.0
0.0
0.0
0.0
0.0
0.0
0.0
0.0
0.0
0.0
0.0
0.0
0.0
0.0
0.0
0.0
0.0
0.0
0.0
0.0
0.0
0.0
0.0
0.0
0.0
0.0
0.0
0.0
0.0
0.0
0.0
0.0
