0.0
0.0
0.0
0.0
0.0
0.0
0.0
0.0
0.0
0.0
0.0
0.0
0.0
0.0
0.0
0.0
0.0
0.0
0.0
0.0
0.0
0.0
0.0
0.0
0.0
0.0
0.0
0.0
0.0
0.0
0.0
0.0
0.0
0.0
0.0
0.0
0.0
0.0
0.0
0.0
0.0
0.0
0.0
0.0
0.0
0.0
0.0
0.0
0.0
0.0
0.0
0.0
0.0
0.0
0.0
0.0
0.0
0.0
0.0
0.0
0.0
0.0
0.0
0.0
0.0
0.0
0.0
0.0
0.0
0.0
0.0
0.0
0.0
0.0
0.0
0.0
0.0
0.0
0.0
0.0
0.0
0.0
0.0
0.0
0.0
0.0
0.0
0.0
0.0
0.0
0.0
0.0
0.0
5.288900818282732
5.258504648868423
5.231340025830145
5.207270484351847
5.18615955961748
5.167870786810994
5.152267701116338
5.139213837717461
5.128572731798315
5.120207918542848
5.113982933135011
5.109761310758754
5.1074065865980245
5.1067822958367755
5.107751973658954
5.110179155248512
5.113927375789397
5.118860170465562
5.124841074460954
5.1317336229595245
5.139401351145223
5.147707794201998
5.156516487313802
5.165690965664581
5.175094764438288
5.184591418818871
5.1940444639902825
5.203317435136469
5.2122738674413815
0.0
0.0
0.0
0.0
0.0
0.0
0.0
0.0
0.0
0.0
0.0
0.0
0.0
0.0
0.0
0.0
0.0
0.0
0.0
0.0
0.0
0.0
0.0
5.434762961785837
5.441912406757511
5.446620737756912
5.449031657333976
5.44928886803865
5.44753607242087
5.443916973030579
5.438575272417719
5.431654673132231
5.423298877724055
5.413651588743132
5.402856508739404
5.391057340262813
5.378397785863298
5.365021548090801
5.351072329495264
5.336693832626627
5.322029760034832
5.307223814269819
5.292419697881532
5.277761113419908
5.263391763434892
5.2494553504764205
5.23609557709444
5.223456145838887
5.211680759259707
5.200913119906838
5.19129693033022
5.1829758930797984
5.176093710705512
5.170794085757302
5.1672207207851075
5.165517318338874
0.0
0.0
0.0
0.0
0.0
0.0
0.0
0.0
0.0
0.0
0.0
0.0
0.0
0.0
0.0
0.0
0.0
0.0
0.0
0.0
0.0
0.0
0.0
0.0
0.0
0.0
0.0
0.0
0.0
0.0
0.0
0.0
0.0
0.0
0.0
0.0
0.0
0.0
0.0
0.0
0.0
0.0
0.0
0.0
0.0
0.0
0.0
0.0
0.0
0.0
0.0
0.0
0.0
0.0
0.0
0.0
0.0
0.0
0.0
0.0
0.0
0.0
0.0
0.0
0.0
0.0
0.0
0.0
0.0
0.0
0.0
0.0
0.0
0.0
0.0
0.0
0.0
0.0
0.0
0.0
0.0
0.0
0.0
0.0
0.0
