0.0
0.0
0.0
0.0
0.0
0.0
0.0
0.0
0.0
0.0
0.0
0.0
0.0
0.0
0.0
0.0
0.0
0.0
0.0
0.0
0.0
0.0
0.0
0.0
0.0
0.0
0.0
0.0
0.0
0.0
0.0
0.0
0.0
0.0
0.0
0.0
0.0
0.0
0.0
0.0
0.0
0.0
0.0
0.0
0.0
0.0
0.0
0.0
0.0
0.0
0.0
0.0
0.0
0.0
0.0
0.0
0.0
0.0
0.0
0.0
0.0
0.0
0.0
0.0
0.0
0.0
0.0
0.0
0.0
0.0
0.0
0.0
0.0
0.0
0.0
0.0
0.0
0.0
0.0
0.0
0.0
0.0
0.0
0.0
0.0
0.0
0.0
0.0
0.0
5.352629093264026
5.345108031495705
5.335877261469516
5.325094473351188
5.312917357306453
5.299503603501045
5.2850109021006935
5.269596943271132
5.253419417178094
5.236636013987311
5.219404423864511
5.201882336975431
5.184227443485801
5.1665974335613525
5.14914999736782
5.132042825070933
5.115433606836424
5.0994800328300265
5.084339793217471
5.07017057816449
5.057130077836815
5.04537598240018
5.035065982020314
5.026357766862953
5.019409027093825
5.014377452878665
5.011420734383203
5.010696561773173
5.012362625214305
5.016576614872333
5.023496220912989
0.0
0.0
0.0
0.0
0.0
0.0
0.0
5.309925486105973
5.290590762908121
5.27318286221685
5.257623256825903
5.243833419529022
5.231734823119948
5.221248940392423
5.212297244140188
5.2048012071569865
5.198682302236557
5.193862002172646
5.190261779758992
5.187803107789338
5.186407459057424
5.185996306356993
5.1864911224817885
5.187813380225549
5.1898845523820185
5.1926261117449375
5.195959531108049
5.199806283265094
5.204087841009813
5.208725677135949
5.213641264437245
5.218756075707441
5.223991583740279
5.2292692613295015
5.23451058126885
5.239637016352066
5.24457003937289
5.249231123125066
5.253541740402334
5.257423363998438
0.0
0.0
0.0
0.0
0.0
0.0
0.0
0.0
0.0
0.0
0.0
0.0
0.0
0.0
0.0
0.0
0.0
0.0
0.0
0.0
0.0
0.0
0.0
0.0
0.0
0.0
0.0
0.0
0.0
0.0
0.0
0.0
0.0
0.0
0.0
0.0
0.0
0.0
0.0
0.0
0.0
0.0
0.0
0.0
0.0
0.0
0.0
0.0
0.0
0.0
0.0
0.0
0.0
0.0
0.0
0.0
0.0
0.0
0.0
0.0
0.0
0.0
0.0
0.0
0.0
0.0
0.0
0.0
0.0
0.0
0.0
0.0
0.0
0.0
0.0
0.0
0.0
0.0
0.0
0.0
0.0
0.0
0.0
0.0
0.0
0.0
0.0
0.0
0.0
0.0
0.0
0.0
0.0
0.0
0.0
0.0
0.0
0.0
0.0
0.0
0.0
0.0
0.0
0.0
0.0
0.0
0.0
0.0
0.0
0.0
0.0
0.0
0.0
0.0
0.0
0.0
0.0
0.0
0.0
0.0
0.0
0.0
0.0
0.0
0.0
0.0
0.0
0.0
0.0
0.0
0.0
0.0
0.0
0.0
0.0
