0.0
0.0
0.0
0.0
0.0
0.0
0.0
0.0
0.0
0.0
0.0
0.0
0.0
0.0
0.0
0.0
0.0
0.0
0.0
0.0
0.0
0.0
0.0
0.0
0.0
0.0
0.0
0.0
0.0
0.0
0.0
0.0
0.0
0.0
0.0
0.0
0.0
0.0
0.0
0.0
0.0
0.0
0.0
0.0
0.0
0.0
0.0
0.0
0.0
0.0
0.0
0.0
0.0
0.0
0.0
0.0
0.0
0.0
0.0
0.0
0.0
0.0
0.0
0.0
0.0
0.0
0.0
0.0
0.0
0.0
0.0
0.0
0.0
0.0
0.0
0.0
0.0
0.0
0.0
0.0
0.0
5.301470979229054
5.273556538709475
5.248149941767801
5.2251603674531655
5.204496994814702
5.186069002901547
5.169785570762835
5.1555558774477
5.143289102005278
5.132894423484701
5.124281020935106
5.117358073405626
5.112034759945399
5.108220259603555
5.105823751429231
5.104754414471561
5.104921427779682
5.106233970402726
5.108601221389828
5.111932359790123
5.116136564652747
5.121123015026833
5.126800889961515
5.13307936850593
5.139867629709212
5.147074852620492
5.15461021628891
5.162382899763598
5.170302082093691
5.178276942328324
5.18621665951663
5.194030412707746
5.201627380950805
5.208916743294942
0.0
0.0
0.0
0.0
0.0
0.0
0.0
0.0
0.0
0.0
5.300722978067104
5.2785270542098655
5.257927403753936
5.238878555139964
5.221335036808599
5.205251377200494
5.190582104756294
5.177281747916652
5.165304835122217
5.154605894813637
5.145139455431563
5.136860045416645
5.129722193209533
5.123680427250874
5.118689275981319
5.11470326784152
5.111676931272124
5.109564794713782
5.108321386607141
5.107901235392854
5.108258869511569
5.1093488174039345
5.111125607510603
5.113543768272223
5.116557828129443
5.120122315522912
5.124191758893284
5.128720686681204
5.133663627327324
5.138975109272291
5.144609660956759
5.150521810821374
5.156666087306787
5.162997018853647
5.169469133902606
5.176036960894311
5.182655028269412
5.1892778644685595
5.195859997932402
5.20235595710159
5.208720270416773
0.0
0.0
0.0
0.0
0.0
0.0
0.0
0.0
0.0
0.0
0.0
0.0
0.0
0.0
0.0
0.0
0.0
0.0
0.0
0.0
0.0
0.0
0.0
0.0
0.0
0.0
0.0
0.0
0.0
0.0
0.0
0.0
0.0
0.0
0.0
0.0
0.0
0.0
0.0
0.0
0.0
0.0
0.0
0.0
0.0
0.0
0.0
0.0
0.0
0.0
0.0
0.0
0.0
0.0
0.0
0.0
0.0
0.0
0.0
0.0
0.0
0.0
0.0
0.0
0.0
0.0
0.0
0.0
0.0
0.0
0.0
0.0
0.0
0.0
0.0
0.0
0.0
0.0
0.0
0.0
0.0
0.0
0.0
0.0
