0.0
0.0
0.0
0.0
0.0
0.0
0.0
0.0
0.0
0.0
0.0
0.0
0.0
0.0
0.0
0.0
0.0
0.0
0.0
0.0
0.0
0.0
0.0
0.0
0.0
0.0
0.0
0.0
0.0
0.0
0.0
0.0
0.0
0.0
0.0
0.0
0.0
0.0
0.0
0.0
0.0
0.0
0.0
0.0
0.0
0.0
0.0
0.0
0.0
0.0
0.0
0.0
0.0
0.0
0.0
5.457703809755666
5.457140704548061
5.457535957830087
5.45877926221555
5.460760310318258
5.4633687947520135
5.466494408130626
5.470026843067899
5.473855792177639
5.477870948073654
5.481962003369747
5.486018650679726
5.489930582617396
5.493587491796563
5.496879070831034
5.499695012334615
5.501925008921111
5.5034587532043275
5.504185937798073
5.50399625531615
5.502779398372367
5.500425059580531
5.496822931554444
5.491862706907916
0.0
0.0
0.0
0.0
0.0
0.0
0.0
0.0
0.0
0.0
0.0
0.0
0.0
0.0
0.0
5.335242665704005
5.326603374972766
5.315623838619602
5.302531568568893
5.287554076745028
5.270918875072389
5.25285347547536
5.233585389878327
5.213342130205673
5.192351208381782
5.170840136331039
5.149036425977829
5.127167589246533
5.105461138061539
5.0841445843472295
5.06344544002799
5.043591217028203
5.024809427272253
5.007327582684526
4.991373195189405
4.9771737767112745
4.964956839174517
4.954949894503521
4.947380454622666
4.94247603145634
4.940464136928924
4.941572282964806
4.946027981488366
4.9540587444239925
0.0
0.0
0.0
0.0
0.0
0.0
0.0
0.0
0.0
0.0
0.0
0.0
0.0
0.0
0.0
0.0
0.0
0.0
0.0
0.0
0.0
0.0
0.0
0.0
0.0
0.0
0.0
0.0
0.0
0.0
0.0
0.0
0.0
0.0
0.0
0.0
0.0
0.0
0.0
0.0
0.0
0.0
0.0
0.0
0.0
0.0
0.0
0.0
0.0
0.0
0.0
0.0
0.0
0.0
0.0
0.0
0.0
0.0
0.0
0.0
0.0
0.0
0.0
0.0
0.0
0.0
0.0
0.0
0.0
0.0
0.0
0.0
0.0
0.0
0.0
0.0
0.0
0.0
0.0
0.0
0.0
0.0
0.0
0.0
0.0
0.0
0.0
0.0
0.0
0.0
0.0
0.0
0.0
0.0
0.0
0.0
0.0
0.0
0.0
0.0
0.0
0.0
