0.0
0.0
0.0
0.0
0.0
0.0
0.0
0.0
0.0
0.0
0.0
0.0
0.0
0.0
0.0
0.0
0.0
0.0
0.0
0.0
0.0
0.0
0.0
0.0
0.0
0.0
0.0
0.0
0.0
0.0
0.0
0.0
0.0
0.0
0.0
0.0
0.0
0.0
0.0
0.0
0.0
0.0
0.0
0.0
0.0
0.0
0.0
0.0
0.0
0.0
0.0
0.0
0.0
0.0
0.0
0.0
0.0
0.0
0.0
0.0
0.0
0.0
0.0
0.0
0.0
0.0
0.0
0.0
0.0
0.0
0.0
0.0
0.0
0.0
0.0
0.0
0.0
0.0
0.0
0.0
0.0
0.0
0.0
0.0
0.0
0.0
0.0
0.0
0.0
0.0
0.0
0.0
0.0
0.0
0.0
0.0
0.0
0.0
5.316224829863163
5.288460119395428
5.258982876066371
5.228453887301419
5.197533940525999
5.166883823165539
5.137164322645463
5.109036226391194
5.083160321828166
5.060197396381802
5.040808237477526
5.0256536325407675
5.015394368996952
5.010691234271506
5.012205015789855
5.020596500977425
0.0
0.0
0.0
0.0
0.0
0.0
0.0
0.0
0.0
0.0
0.0
0.0
0.0
0.0
0.0
0.0
0.0
0.0
5.450817640430975
5.453607798785995
5.455500981457506
5.456537659516472
5.45675830403385
5.456203386080608
5.454913376727705
5.452928747046104
5.450289968106767
5.447037510980654
5.44321184673873
5.438853446451954
5.43400278119129
5.428700322027701
5.422986540032148
5.416901906275592
5.410486891828995
5.403781967763321
5.396827605149531
5.389664275058587
5.382332448561452
0.0
0.0
0.0
0.0
0.0
0.0
0.0
0.0
0.0
0.0
0.0
5.205439441573958
5.209340525918375
5.210320286758363
5.208641117300471
5.204565410751242
5.198355560317225
5.190273959204967
5.180583000621013
5.169545077771913
5.15742258386421
5.144477912104452
5.130973455699188
5.117171607854963
5.103334761778322
5.089725310675814
5.076605647753985
5.064238166219382
5.052885259278552
5.042809320138042
5.034272742004397
5.027537918084166
5.022867241583894
5.0205231057101285
5.020767903669417
5.023864028668305
0.0
0.0
0.0
0.0
0.0
0.0
0.0
0.0
0.0
0.0
0.0
0.0
0.0
0.0
0.0
0.0
0.0
0.0
0.0
0.0
0.0
0.0
0.0
0.0
0.0
0.0
0.0
0.0
0.0
0.0
0.0
0.0
0.0
0.0
0.0
0.0
0.0
0.0
0.0
0.0
0.0
0.0
0.0
0.0
0.0
0.0
0.0
0.0
0.0
0.0
0.0
0.0
0.0
0.0
0.0
0.0
0.0
0.0
0.0
0.0
0.0
0.0
0.0
0.0
0.0
0.0
0.0
0.0
0.0
0.0
0.0
0.0
0.0
0.0
0.0
0.0
0.0
0.0
0.0
0.0
0.0
0.0
0.0
0.0
0.0
0.0
0.0
0.0
0.0
0.0
0.0
0.0
0.0
0.0
0.0
0.0
0.0
0.0
0.0
0.0
