0.0
0.0
0.0
0.0
0.0
0.0
0.0
0.0
0.0
0.0
0.0
0.0
0.0
0.0
0.0
0.0
0.0
0.0
0.0
0.0
0.0
0.0
0.0
0.0
0.0
0.0
0.0
0.0
0.0
0.0
0.0
0.0
0.0
0.0
0.0
0.0
0.0
0.0
0.0
0.0
0.0
0.0
0.0
0.0
0.0
0.0
0.0
0.0
0.0
0.0
0.0
0.0
0.0
0.0
0.0
0.0
0.0
0.0
0.0
0.0
0.0
0.0
0.0
0.0
0.0
0.0
0.0
0.0
0.0
0.0
0.0
0.0
0.0
0.0
0.0
0.0
0.0
0.0
0.0
0.0
0.0
5.389914879691345
5.382428727287648
5.37140524767225
5.3572904166860855
5.340530210170091
5.321570603965202
5.300857573912354
5.278837095852483
5.255955145626524
5.232657699075413
5.209390732040087
5.18660022036148
5.164732139880527
5.144232466438165
5.1255471758753295
5.109122244032956
5.095403646751978
5.084837359873336
5.077869359237962
5.074945620686792
5.076512120060762
0.0
0.0
0.0
0.0
0.0
0.0
0.0
0.0
0.0
0.0
0.0
5.372815083346816
5.38722677895505
5.398307568648786
5.406257581467174
5.411276946449365
5.413565792634509
5.413324249061756
5.410752444770261
5.40605050879917
5.399418570187636
5.391056757974807
5.381165201199838
5.3699440289018785
5.357593370120077
5.344313353893586
5.330304109261556
5.315765765263138
5.300898450937484
5.285902295323741
5.270977427461062
5.256323976388599
5.242142071145501
5.2286318407709205
5.215993414304006
5.204426920783909
5.194132489249781
5.185310248740772
5.178160328296034
5.1728828569547165
0.0
0.0
0.0
0.0
0.0
0.0
0.0
0.0
0.0
0.0
0.0
0.0
0.0
0.0
5.306869327048809
5.276743265114458
5.252373466720167
5.233311226313694
5.219107838342799
5.209314597255243
5.203482797498784
5.201163733521182
5.201908699770195
5.205268990693584
5.210795900739111
5.21804072435453
5.226554755987604
5.235889290086091
5.245595621097752
5.255225043470345
5.26432885165163
5.272458340089367
5.279164803231314
0.0
0.0
0.0
0.0
0.0
0.0
0.0
0.0
0.0
0.0
0.0
0.0
0.0
0.0
5.437644138854311
5.439473094426357
5.4430052034293395
5.4478720326120085
5.453705148723111
5.460136118511395
5.466796508725606
5.473317886114494
5.479331817426805
5.484469869411288
5.48836360881669
5.490644602391759
5.4909444168852435
5.4888946190458885
5.484126775622445
5.476272453363658
5.464963219018277
0.0
0.0
0.0
0.0
0.0
0.0
0.0
0.0
0.0
0.0
0.0
0.0
5.376407424145425
5.382104333562917
5.38379204158354
5.381812620432748
5.376508142335997
5.368220679518741
5.3572923042064335
5.3440650886245304
5.328881104998487
5.312082425553757
5.294011122515794
5.275009268110054
5.255418934561991
5.23558219409706
5.215841118940716
5.196537781318413
5.178014253455605
5.1606126075777485
5.144674915910295
5.130543250678702
5.118559684108423
5.109066288424913
5.102405135853625
5.098918298620017
5.09894784894954
0.0
0.0
0.0
0.0
0.0
0.0
0.0
0.0
0.0
0.0
0.0
0.0
0.0
0.0
0.0
0.0
0.0
0.0
0.0
0.0
0.0
0.0
0.0
0.0
0.0
0.0
0.0
0.0
0.0
0.0
0.0
0.0
0.0
0.0
0.0
0.0
0.0
0.0
0.0
0.0
0.0
0.0
0.0
0.0
0.0
0.0
0.0
0.0
0.0
0.0
0.0
0.0
0.0
0.0
0.0
0.0
0.0
0.0
0.0
0.0
0.0
0.0
0.0
0.0
0.0
0.0
0.0
0.0
0.0
0.0
0.0
0.0
0.0
0.0
0.0
0.0
0.0
0.0
