0.0
0.0
0.0
0.0
0.0
0.0
0.0
0.0
0.0
0.0
0.0
0.0
0.0
0.0
0.0
0.0
0.0
0.0
0.0
0.0
0.0
0.0
0.0
0.0
0.0
0.0
0.0
0.0
0.0
0.0
0.0
0.0
0.0
0.0
0.0
0.0
0.0
0.0
0.0
0.0
0.0
0.0
0.0
0.0
0.0
0.0
0.0
0.0
0.0
0.0
0.0
0.0
0.0
0.0
0.0
0.0
0.0
0.0
0.0
0.0
0.0
0.0
0.0
0.0
0.0
0.0
0.0
0.0
0.0
0.0
0.0
0.0
0.0
5.305238155984761
5.279165261949082
5.255685985546534
5.234694371334132
5.216084463868892
5.19975030770783
5.185585947407962
5.1734854275263045
5.16334279261987
5.155052087245677
5.148507355960739
5.1436026433220725
5.140231993886694
5.138289452211617
5.137669062853859
5.138264870370434
5.139970919318359
5.142681254254649
5.14628991973632
5.150690960320388
5.155778420563866
5.161446345023773
5.167588778257121
5.174099764820929
5.180873349272212
5.187803576167983
5.194784490065261
5.201710135521059
5.208474557092393
0.0
0.0
0.0
0.0
0.0
0.0
0.0
5.348593628445609
5.338224629997853
5.324133727153919
5.306825222497655
5.286803418612907
5.264572618083527
5.240637123493363
5.215501237426262
5.189669262466075
5.163645501196651
5.137934256201837
5.1130398300654845
5.089466525371439
5.067718644703551
5.04830049064567
5.031716365781644
5.018470572695323
5.009067413970554
5.004011192191187
5.003806209941071
5.008956769804053
0.0
0.0
0.0
0.0
0.0
0.0
0.0
0.0
0.0
0.0
0.0
0.0
0.0
5.29800767391789
5.272532034049077
5.249211767257024
5.2279755571293895
5.2087520872538295
5.191470041218002
5.176058102609566
5.162444955016175
5.150559282025491
5.140329767225171
5.13168509420287
5.124553946546246
5.11886500784296
5.114546961680666
5.1115284916470225
5.109738281329687
5.1091050143163175
5.10955737419457
5.111024044552106
5.1134337089765785
5.116715051055647
5.12079675437697
5.1256075025282035
5.131075979097006
5.1371308676710346
5.143700851837947
5.150714615185401
5.158100841301052
5.165788213772562
5.173705416187586
5.181781132133779
5.1899440451988035
5.198122838970313
5.206246197035969
5.214242802983425
5.222041340400341
0.0
0.0
0.0
0.0
0.0
0.0
0.0
0.0
0.0
0.0
0.0
0.0
0.0
0.0
0.0
0.0
0.0
0.0
0.0
0.0
0.0
0.0
0.0
0.0
0.0
0.0
0.0
0.0
0.0
0.0
0.0
0.0
0.0
0.0
0.0
0.0
0.0
0.0
0.0
0.0
0.0
0.0
0.0
0.0
0.0
0.0
0.0
0.0
0.0
0.0
0.0
0.0
0.0
0.0
0.0
0.0
0.0
0.0
0.0
0.0
0.0
0.0
0.0
0.0
0.0
0.0
0.0
0.0
0.0
0.0
0.0
0.0
0.0
0.0
0.0
0.0
0.0
0.0
0.0
0.0
0.0
0.0
0.0
0.0
