0.0
0.0
0.0
0.0
0.0
0.0
0.0
0.0
0.0
0.0
0.0
0.0
0.0
0.0
0.0
0.0
0.0
0.0
0.0
0.0
0.0
0.0
0.0
0.0
0.0
0.0
0.0
0.0
0.0
0.0
0.0
0.0
0.0
0.0
0.0
0.0
0.0
0.0
0.0
0.0
0.0
0.0
0.0
0.0
0.0
0.0
0.0
0.0
0.0
0.0
0.0
0.0
0.0
0.0
0.0
0.0
0.0
0.0
0.0
0.0
0.0
0.0
0.0
0.0
0.0
0.0
0.0
0.0
0.0
0.0
0.0
0.0
0.0
5.382216498455416
5.3842834895346945
5.380020685984318
5.370198345647476
5.355586726367352
5.336956085987135
5.315076682350011
5.290718773299167
5.264652616677793
5.237648470329074
5.210476592096197
5.18390723982235
5.15871067135072
5.135657144524494
5.1155169171868575
5.099060247181
5.087057392350109
5.08027861053737
5.079494159585971
0.0
0.0
0.0
0.0
0.0
0.0
0.0
0.0
0.0
0.0
5.312740983083009
5.279310387448612
5.245107151474921
5.211585139970027
5.1801982177420225
5.152400249598996
5.1296451003490375
5.113386634800238
5.105078717760689
5.106175214038479
0.0
0.0
0.0
0.0
0.0
0.0
0.0
0.0
0.0
0.0
0.0
0.0
0.0
0.0
0.0
5.4143500945901195
5.4290358405803465
5.434237596229677
5.431130402458979
5.420889300189123
5.4046893303409815
5.383705533835424
5.359112951593321
5.3320866245355445
5.303801593582962
5.275432899656448
5.248155583676872
5.223144686565104
5.201575249242013
5.184622312628472
5.173460917645351
0.0
0.0
0.0
0.0
0.0
0.0
0.0
0.0
0.0
0.0
0.0
0.0
5.227661432520135
5.230252279764209
5.228890291165787
5.224014712008644
5.216064787576561
5.205479763153312
5.192698884022673
5.178161395468422
5.162306542774337
5.145573571224194
5.128401726101768
5.111230252690841
5.094498396275185
5.07864540213858
5.064110515564801
5.051332981837626
5.040752046240831
5.032806954058194
5.027936950573492
5.026581281070501
5.029179190832999
0.0
0.0
0.0
0.0
0.0
0.0
0.0
0.0
0.0
0.0
0.0
0.0
0.0
0.0
0.0
0.0
0.0
0.0
0.0
0.0
0.0
0.0
0.0
0.0
0.0
0.0
0.0
0.0
0.0
0.0
0.0
0.0
0.0
0.0
0.0
0.0
0.0
0.0
0.0
0.0
0.0
0.0
0.0
0.0
0.0
0.0
0.0
0.0
0.0
0.0
0.0
0.0
0.0
0.0
0.0
0.0
0.0
0.0
0.0
0.0
0.0
0.0
0.0
0.0
0.0
0.0
0.0
0.0
0.0
0.0
0.0
0.0
0.0
0.0
0.0
0.0
0.0
0.0
0.0
0.0
0.0
0.0
0.0
0.0
0.0
0.0
0.0
0.0
0.0
0.0
0.0
0.0
0.0
0.0
0.0
0.0
0.0
0.0
0.0
0.0
0.0
0.0
0.0
0.0
0.0
0.0
0.0
0.0
0.0
0.0
0.0
0.0
0.0
0.0
0.0
0.0
0.0
0.0
0.0
0.0
0.0
0.0
0.0
0.0
0.0
