0.0
0.0
0.0
0.0
0.0
0.0
0.0
0.0
0.0
0.0
0.0
0.0
0.0
0.0
0.0
0.0
0.0
0.0
0.0
0.0
0.0
0.0
0.0
0.0
0.0
0.0
0.0
0.0
0.0
0.0
0.0
0.0
0.0
0.0
0.0
0.0
0.0
0.0
0.0
0.0
0.0
0.0
0.0
0.0
0.0
0.0
0.0
0.0
0.0
0.0
0.0
0.0
0.0
0.0
0.0
0.0
0.0
0.0
0.0
0.0
0.0
0.0
0.0
0.0
0.0
0.0
0.0
0.0
0.0
0.0
0.0
0.0
0.0
0.0
0.0
0.0
0.0
0.0
0.0
0.0
0.0
0.0
0.0
0.0
0.0
0.0
0.0
0.0
0.0
0.0
0.0
0.0
0.0
0.0
0.0
5.4438479864229254
5.44903976766978
5.452421440501233
5.453992873575462
5.45375393555064
5.451704495084948
5.447844420836561
5.4421735814636545
5.434691845624405
5.425399081976993
5.4142951591795905
0.0
0.0
0.0
0.0
0.0
0.0
0.0
0.0
0.0
0.0
5.327737552165317
5.31127866743511
5.285165036953678
5.251475053648598
5.212287110447447
5.169679600277802
5.125730916067242
5.082519450743343
5.042123597233683
5.00662174846584
4.978092297367391
4.958613636865913
4.950264159888984
4.955122259364181
0.0
0.0
0.0
0.0
0.0
0.0
0.0
0.0
0.0
0.0
0.0
0.0
0.0
0.0
0.0
0.0
0.0
0.0
0.0
0.0
5.431696897651293
5.425715352873188
5.420878257075866
5.417108817246907
5.414330240373891
5.4124657334444
5.411438503446016
5.411171757366317
5.411588702192886
5.412612544913301
5.414166492515147
5.416173751985999
5.418557530313444
5.421241034485059
5.424147471488425
5.427200048311123
5.430321971940733
5.433436449364839
5.436466687571019
5.439335893546854
5.441967274279925
5.4442840367578125
5.446209387968097
5.447666534898362
5.448578684536184
5.448869043869146
5.448460819884827
5.447277219570811
5.445241449914678
5.442276717904005
0.0
0.0
0.0
0.0
0.0
0.0
0.0
0.0
0.0
0.0
0.0
0.0
0.0
0.0
0.0
0.0
0.0
0.0
0.0
0.0
0.0
0.0
0.0
0.0
0.0
0.0
0.0
0.0
0.0
0.0
0.0
0.0
0.0
0.0
0.0
0.0
0.0
0.0
0.0
0.0
0.0
0.0
0.0
0.0
0.0
0.0
0.0
0.0
0.0
0.0
0.0
0.0
0.0
0.0
0.0
0.0
0.0
0.0
0.0
0.0
0.0
0.0
0.0
0.0
0.0
0.0
0.0
0.0
0.0
0.0
0.0
0.0
0.0
0.0
0.0
0.0
0.0
0.0
0.0
0.0
0.0
0.0
0.0
0.0
0.0
0.0
0.0
0.0
0.0
0.0
0.0
0.0
0.0
0.0
0.0
0.0
0.0
0.0
0.0
0.0
0.0
0.0
