0.0
0.0
0.0
0.0
0.0
0.0
0.0
0.0
0.0
0.0
0.0
0.0
0.0
0.0
0.0
0.0
0.0
0.0
0.0
0.0
0.0
0.0
0.0
0.0
0.0
0.0
0.0
0.0
0.0
0.0
0.0
0.0
0.0
0.0
0.0
0.0
0.0
0.0
0.0
0.0
0.0
0.0
0.0
0.0
0.0
0.0
0.0
0.0
0.0
0.0
0.0
0.0
0.0
0.0
0.0
0.0
0.0
0.0
0.0
0.0
0.0
0.0
0.0
0.0
0.0
0.0
0.0
0.0
0.0
0.0
0.0
0.0
0.0
0.0
0.0
0.0
0.0
0.0
0.0
0.0
0.0
0.0
0.0
0.0
0.0
0.0
0.0
0.0
0.0
0.0
0.0
5.361627387166769
5.356520358768945
5.348409188546701
5.337565609393976
5.324261354204707
5.308768155872833
5.291357747292289
5.272301861357013
5.251872230960945
5.23034058899802
5.207978668362177
5.18505820194735
5.1618509226474805
5.138628563356504
5.115662856968359
5.09322553637698
5.071588334476307
5.051022984160279
5.031801218322831
5.014194769857898
4.998475371659422
4.98491475662134
4.973784657637587
4.9653568076021015
4.959902939408821
4.957694785951683
4.9590040801246245
4.964102554821584
4.973261942936498
0.0
0.0
0.0
5.297736272773003
5.275094656578051
5.255687728912433
5.239327266337415
5.2258250454142585
5.214992842704227
5.206642434768583
5.200585598168591
5.196634109465513
5.194599745220612
5.19429428199515
5.1955294963503915
5.198117164847599
5.2018690640480365
5.206596970512964
5.212112660803648
5.218227911481349
5.224754499107331
5.231504200242857
5.238288791449191
5.244920049287595
5.2512097503193305
5.256969671105664
5.262011588207855
5.2661472781871685
0.0
0.0
0.0
0.0
0.0
0.0
0.0
5.36785143336183
5.379558523089015
5.385613147235974
5.3865518108072985
5.382911018807583
5.375227276241421
5.364037088113405
5.34987695942813
5.333283395190189
5.314792900404176
5.294941980074683
5.274267139206306
5.253304882803637
5.232591715871272
5.212664143413802
5.19405867043582
5.177311801941923
5.162960042936701
5.15153989842475
5.143587873410663
5.139640472899034
0.0
0.0
0.0
0.0
0.0
0.0
0.0
0.0
0.0
0.0
0.0
0.0
0.0
0.0
0.0
0.0
0.0
0.0
0.0
0.0
0.0
0.0
0.0
0.0
0.0
0.0
0.0
0.0
0.0
0.0
0.0
0.0
0.0
0.0
0.0
0.0
0.0
0.0
0.0
0.0
0.0
0.0
0.0
0.0
0.0
0.0
0.0
0.0
0.0
0.0
0.0
0.0
0.0
0.0
0.0
0.0
0.0
0.0
0.0
0.0
0.0
0.0
0.0
0.0
0.0
0.0
0.0
0.0
0.0
0.0
0.0
0.0
0.0
0.0
0.0
0.0
0.0
0.0
0.0
0.0
0.0
0.0
0.0
0.0
0.0
0.0
0.0
0.0
0.0
0.0
0.0
0.0
0.0
