0.0
0.0
0.0
0.0
0.0
0.0
0.0
0.0
0.0
0.0
0.0
0.0
0.0
0.0
0.0
0.0
0.0
0.0
0.0
0.0
0.0
0.0
0.0
0.0
0.0
0.0
0.0
0.0
0.0
0.0
0.0
0.0
0.0
0.0
0.0
0.0
0.0
0.0
0.0
0.0
0.0
0.0
0.0
0.0
0.0
0.0
0.0
0.0
0.0
0.0
0.0
0.0
0.0
0.0
0.0
0.0
0.0
0.0
0.0
0.0
0.0
0.0
0.0
0.0
0.0
0.0
0.0
0.0
0.0
0.0
0.0
0.0
0.0
0.0
0.0
0.0
0.0
0.0
5.291994682876813
5.245585962112002
5.207004460049297
5.175712569136184
5.151172681820146
5.1328471905486674
5.120198487769233
5.112688965929328
5.109781017476435
5.11093703485804
5.115619410521627
5.123290536914677
5.13341280648468
5.145448611679115
5.15886034494547
5.173110398731227
5.187661165483873
5.201975037650889
0.0
0.0
0.0
5.375365061319491
5.3586655896897595
5.344768521288668
5.333467689798616
5.324556928901999
5.317830072281216
5.313080953618664
5.310103406596743
5.308691264897847
5.308638362204378
5.3097385321987325
5.311785608563309
5.314573424980503
5.317895815132713
5.321546612702339
5.325319651371776
5.329008764823426
5.332407786739682
5.335310550802947
5.337510890695614
5.338802640100083
0.0
0.0
0.0
5.37125686291084
5.355919901237033
5.341995455277176
5.329427607973771
5.318160442269318
5.308138041106324
5.299304487427288
5.291603864174716
5.284980254291107
5.2793777407189655
5.274740406400794
5.271012334279096
5.268137607296371
5.266060308395125
5.264724520517859
5.264074326607076
5.264053809605279
5.26460705245497
5.265678138098651
5.267211149478827
5.269150169537998
5.271439281218668
5.274022567463339
5.276844111214513
5.279847995414695
5.282978303006385
5.286179116932087
5.289394520134304
5.2925685955555375
5.29564542613829
5.2985690948250665
0.0
0.0
0.0
0.0
0.0
5.367704471000581
5.365562176028548
5.36128042277528
5.355046385877125
5.347047239970436
5.337470159691558
5.3265023196768455
5.314330894562646
5.30114305898531
5.287125987581187
5.272466854986627
5.25735283583798
5.241971104771595
5.2265088364238235
5.211153205431013
5.196091386429515
5.181510554055681
5.167597882945857
5.154540547736396
5.142525723063646
5.131740583563958
5.12237230387368
5.114608058629165
5.10863502246676
5.104640370022817
5.102811275933683
5.10333491483571
5.106398461365248
0.0
0.0
0.0
0.0
0.0
0.0
0.0
0.0
0.0
0.0
0.0
0.0
0.0
0.0
0.0
0.0
0.0
0.0
0.0
0.0
0.0
0.0
0.0
0.0
0.0
0.0
0.0
0.0
0.0
0.0
0.0
0.0
0.0
0.0
0.0
0.0
0.0
0.0
0.0
0.0
0.0
0.0
0.0
0.0
0.0
0.0
0.0
0.0
0.0
0.0
0.0
0.0
0.0
0.0
0.0
0.0
0.0
0.0
0.0
0.0
0.0
0.0
0.0
5.425629509361712
5.41958252639918
5.408905336091218
5.394214946186518
5.376128364433772
5.35526259858167
5.332234656378905
5.307661545574168
5.28216027391615
5.256347849153544
5.23084127903504
5.20625757130933
5.183213733725107
5.162326774031062
5.144213699975885
5.129491519308269
5.1187772397769065
5.112687869130486
5.111840415117701
0.0
0.0
0.0
0.0
0.0
0.0
0.0
0.0
0.0
5.384966856041287
5.36655865887837
5.355688551391792
5.350969973825346
5.351016366422825
5.354441169428025
5.359857823084738
5.3658797676367564
5.371120443327876
5.374193290401887
5.373711749102588
0.0
0.0
0.0
0.0
0.0
0.0
0.0
0.0
0.0
0.0
0.0
5.416841904700345
5.442771353863003
5.456261269640787
5.458854394336158
5.452093470251583
5.437521239689526
5.416680444952451
5.391113828342822
5.362364132163104
5.33197409871576
5.301486470303256
5.272443989228055
5.246389397792622
5.224865438299422
5.209414853050918
0.0
0.0
0.0
0.0
5.251536035019032
5.257419180700246
5.25507754094551
5.245698434243542
5.230469179083063
5.210577093952793
5.187209497341451
5.161553707737757
5.13479704363043
5.108126823508191
5.08273036585976
5.059794989173856
5.040508011939198
5.026056752644508
5.017628529778503
5.016410661829905
5.3342248440471085
5.29761405353715
5.264814956380802
5.235853897564524
5.210757222074774
5.189551274898009
5.1722624010206895
5.158916945429271
5.149541253110216
5.1441616690499785
5.142804538235017
5.145496205651795
5.152263016286764
0.0
0.0
0.0
0.0
5.423355341067073
5.426820661217984
5.428418461385059
5.428263664507431
5.426471193524235
5.423155971374605
5.418432920997673
5.412416965332573
5.405223027318439
5.396966029894406
5.387760895999605
5.377722548573171
5.366965910554239
5.355605904881939
5.343757454495407
5.331535482333776
5.319054911336182
5.306430664441755
5.293777664589631
5.281210834718943
5.268845097768821
5.256795376678406
5.245176594386827
5.234103673833218
5.223691537956713
5.214055109696445
5.205309311991547
5.1975690677811555
5.190949300004402
5.18556493160042
5.181530885508345
5.178962084667308
5.177973452016444
0.0
0.0
0.0
0.0
0.0
0.0
0.0
0.0
0.0
0.0
0.0
0.0
0.0
0.0
0.0
5.4550602741838885
5.456364173908917
5.458566922730848
5.461511010950882
5.4650389288702215
5.4689931667900655
5.473216215011617
5.477550563836077
5.481838703564648
5.4859231244985285
5.489646316938922
5.49285077118703
5.495378977544052
5.497073426311189
5.497776607789645
5.49733101228062
5.495579130085314
5.492363451504931
5.487526466840669
5.480910666393734
0.0
0.0
0.0
0.0
0.0
0.0
5.380438216972804
5.391680907453145
5.38856878182918
5.373397398753812
5.348462316879942
5.3160590948604725
5.278483291348302
5.238030464996336
5.196996174457474
5.157675978384617
5.12236543543067
5.093360104248531
5.072955543491103
5.063447311811288
0.0
0.0
0.0
0.0
0.0
0.0
5.2161144000571245
5.219394354157984
5.213088633196983
5.198900516920584
5.178533285075257
5.1536902174074655
5.126074593663679
5.097389693590362
5.069338796933982
5.043625183441005
5.021952132857899
5.00602292493113
5.304676683444848
5.285451731580651
5.268608130167168
5.254024705551581
5.241580284081078
5.231153692102836
5.222623755964045
5.2158693020118845
5.210769156593541
5.207202146056194
5.205047096747031
5.204182835013233
5.204488187201985
5.205841979660471
5.208123038735873
5.211210190775375
5.214982262126162
5.219318079135414
5.224096468150318
5.229196255518057
5.234496267585813
5.23987533070077
5.2452122712101135
5.250385915461026
5.255275089800689
5.259758620576289
5.263715334135007
5.267024056824028
0.0
0.0
0.0
0.0
0.0
5.314491570653951
5.294038439020682
5.275155950596225
5.257795041623682
5.241906648346158
5.227441707006756
5.214351153848578
5.202585925114726
5.192096957048306
5.182835185892418
5.174751547890167
5.1677969792846525
5.161922416318982
5.157078795236256
5.153217052279576
5.150288123692048
5.148242945716775
5.147032454596856
5.146607586575398
5.1469192778955035
5.147918464800274
5.149556083532813
5.151783070336222
5.154550361453607
5.157808893128069
5.16150960160271
5.165603423120635
5.170041293924947
5.174774150258748
5.17975292836514
5.184928564487228
5.190251994868114
5.1956741557509005
5.201145983378692
5.206618413994589
0.0
0.0
0.0
0.0
0.0
0.0
0.0
0.0
0.0
0.0
0.0
0.0
0.0
0.0
0.0
0.0
0.0
0.0
0.0
0.0
0.0
0.0
0.0
0.0
0.0
0.0
0.0
0.0
0.0
0.0
0.0
0.0
0.0
0.0
0.0
0.0
0.0
0.0
0.0
0.0
0.0
0.0
0.0
0.0
0.0
0.0
0.0
0.0
0.0
0.0
0.0
0.0
0.0
0.0
0.0
0.0
0.0
0.0
0.0
0.0
0.0
0.0
0.0
0.0
0.0
0.0
0.0
0.0
0.0
0.0
0.0
0.0
0.0
0.0
0.0
0.0
0.0
0.0
0.0
0.0
0.0
0.0
0.0
