0.0
0.0
0.0
0.0
0.0
0.0
0.0
0.0
0.0
0.0
0.0
0.0
0.0
0.0
0.0
0.0
0.0
0.0
0.0
0.0
0.0
0.0
0.0
0.0
0.0
0.0
0.0
0.0
0.0
0.0
0.0
0.0
0.0
0.0
0.0
0.0
0.0
0.0
0.0
0.0
0.0
0.0
0.0
0.0
0.0
0.0
0.0
0.0
0.0
0.0
0.0
0.0
0.0
0.0
0.0
0.0
0.0
0.0
0.0
0.0
0.0
0.0
0.0
0.0
0.0
5.385225503473281
5.367350608337687
5.34191620731571
5.310702532338974
5.2754898153391085
5.238058288247738
5.200188182996491
5.163659731516991
5.130253165740865
5.10174871759974
5.079926619025241
5.066567101948997
5.063450398302632
0.0
0.0
0.0
0.0
0.0
0.0
0.0
0.0
0.0
0.0
0.0
5.449141939997347
5.447421942058855
5.438676589472672
5.423873061847461
5.403978538791889
5.379960199914619
5.352785224824315
5.3234207931296424
5.292834084439266
5.261992278361853
5.231862554506064
5.203412092480564
5.177608071894019
5.155417672355093
5.137808073472453
5.12574645485476
5.1201999961106806
0.0
0.0
0.0
0.0
0.0
0.0
0.0
0.0
0.0
0.0
0.0
0.0
0.0
0.0
0.0
0.0
0.0
5.339320575498161
5.312351495003708
5.288557026125256
5.267779314973768
5.249860507660205
5.2346427502955315
5.221968188990706
5.211678969856693
5.203617239004453
5.197625142544949
5.193544826589142
5.191218437247995
5.19048812063247
5.191196022853527
5.1931842900221294
5.196295068249239
5.20037050364582
5.2052527423228305
5.210783930391234
5.216806213961993
5.22316173914607
5.2296926520544265
5.236241098798023
5.242649225487822
5.248759178234786
0.0
0.0
0.0
0.0
0.0
0.0
0.0
0.0
0.0
0.0
0.0
0.0
0.0
0.0
0.0
0.0
0.0
0.0
0.0
0.0
0.0
0.0
0.0
0.0
0.0
0.0
0.0
0.0
0.0
0.0
0.0
0.0
0.0
0.0
0.0
0.0
0.0
0.0
0.0
0.0
0.0
0.0
0.0
0.0
0.0
0.0
0.0
5.325103864741524
5.290923293222721
5.262538559558955
5.239543924358123
5.221533648228123
5.208101991776856
5.198843215612219
5.193351580342112
5.191221346574433
5.192046774917079
5.195422125977953
5.20094166036495
5.20819963868597
5.216790321548912
5.226307969561674
5.236346843332156
0.0
0.0
0.0
0.0
0.0
5.420080793789158
5.417487430162332
5.410715546358146
5.400291260738083
5.386740691663621
5.370589957496246
5.352365176597437
5.332592467328676
5.311797948051446
5.290507737127227
5.269247952917501
5.248544713783751
5.228924138087456
5.2109123441901
5.195035450453164
5.18181957523813
5.171790836906477
5.165475353819691
5.163399244339251
0.0
0.0
0.0
0.0
0.0
0.0
5.439663888273926
5.441357380193429
5.427242373665867
5.400678062488021
5.3650236404566725
5.323638301368602
5.27988123902059
5.237111647209416
5.198688719731864
5.167971650384714
5.1483196329647445
0.0
0.0
0.0
0.0
0.0
0.0
5.286707828493078
5.281197644863839
5.271872014910643
5.259174436642541
5.243548408068592
5.22543742719785
5.2052849920393705
5.183534600602208
5.160629750895421
5.137013940928061
5.113130668709187
5.089423432247851
5.066335729553111
5.044311058634022
5.023792917499638
5.005224804159015
4.989050216621209
4.975712652895275
4.965655610990268
4.959322588915245
4.95715708467926
4.959602596291368
4.967102621760626
0.0
0.0
0.0
0.0
0.0
0.0
0.0
0.0
5.416960796716227
5.4415460555573425
5.455618145019458
5.460373089859648
5.457006914834997
5.446715644702584
5.430695304219488
5.4101419181427906
5.386251511229571
5.360220108236912
5.333243733921891
5.306518413041591
5.28124017035309
5.258605030613469
5.23980901857981
5.226048159009192
0.0
0.0
0.0
0.0
0.0
0.0
0.0
0.0
0.0
0.0
0.0
0.0
0.0
5.288110290224961
5.235116737498191
5.192027560581793
5.158175281144566
5.132892420855313
5.115511501382833
5.105365044395926
5.101785571563394
5.104105604554039
5.1116576650366605
5.12377427468006
5.139787955153037
0.0
0.0
0.0
0.0
0.0
0.0
0.0
0.0
0.0
0.0
0.0
0.0
5.4818759366565155
5.481355532818871
5.482895842934173
5.486087761478252
5.490522182926938
5.49579000175606
5.501482112441445
5.50718940945892
5.512502787284317
5.5170131403934635
5.520311363262188
5.521988350366319
5.521634996181685
5.518842195184115
5.513200841849438
0.0
0.0
0.0
0.0
0.0
0.0
0.0
0.0
0.0
0.0
0.0
5.46263896335515
5.459996276761935
5.458023017162766
5.456675495711485
5.455910023561932
5.455682911867952
5.455950471783386
5.456669014462075
5.457794851057861
5.459284292724591
5.4610936506161005
5.463179235886234
5.465497359688836
5.4680043331777455
5.470656467506806
5.473410073829859
5.476221463300748
5.479046947073313
5.481842836301398
5.484565442138844
5.487171075739495
5.48961604825719
5.491856670845773
5.493849254659088
5.495550110850973
5.496915550575273
5.497901884985828
5.498465425236483
5.498562482481078
5.498149367873455
5.497182392567457
5.495617867716928
5.493412104475706
5.4905214139976355
5.486902107436558
5.482510495946316
0.0
0.0
0.0
0.0
0.0
0.0
0.0
0.0
0.0
0.0
0.0
0.0
0.0
0.0
0.0
0.0
0.0
0.0
0.0
0.0
0.0
0.0
0.0
0.0
0.0
0.0
0.0
0.0
0.0
0.0
0.0
0.0
0.0
0.0
0.0
0.0
0.0
0.0
0.0
0.0
0.0
0.0
0.0
0.0
0.0
0.0
0.0
0.0
0.0
0.0
0.0
0.0
0.0
0.0
0.0
0.0
0.0
0.0
0.0
0.0
0.0
0.0
0.0
0.0
0.0
0.0
0.0
0.0
0.0
0.0
0.0
0.0
0.0
0.0
0.0
0.0
0.0
0.0
0.0
0.0
0.0
0.0
0.0
0.0
0.0
0.0
0.0
0.0
0.0
