0.0
0.0
0.0
0.0
0.0
0.0
0.0
0.0
0.0
0.0
0.0
0.0
0.0
0.0
0.0
0.0
0.0
0.0
0.0
0.0
0.0
0.0
0.0
0.0
0.0
0.0
0.0
0.0
0.0
0.0
0.0
0.0
0.0
0.0
0.0
0.0
0.0
0.0
0.0
0.0
0.0
0.0
0.0
0.0
0.0
0.0
0.0
0.0
0.0
0.0
0.0
0.0
0.0
0.0
0.0
0.0
0.0
0.0
0.0
0.0
0.0
0.0
0.0
0.0
0.0
0.0
0.0
0.0
0.0
0.0
0.0
0.0
0.0
5.32901588219631
5.314939295198902
5.298419655551525
5.27978748483031
5.259373304611384
5.237507636470875
5.2145210019849095
5.190743922729618
5.166506920281126
5.142140516215563
5.117975232109057
5.094341589537734
5.071570110077724
5.049991315305155
5.029935726796152
5.011733866126847
4.995716254873365
4.982213414611834
4.971555866918385
4.964074133369142
4.960098735540234
4.959960195007792
4.963989033347939
4.9725157721368065
0.0
0.0
0.0
0.0
0.0
0.0
0.0
0.0
0.0
0.0
0.0
0.0
0.0
0.0
0.0
0.0
0.0
0.0
0.0
0.0
0.0
0.0
0.0
0.0
0.0
0.0
0.0
0.0
5.45809561696931
5.458201459538813
5.455057718906421
5.448946128424606
5.44014842144584
5.428946331322596
5.415621591407343
5.400455935052555
5.383731095610705
5.365728806434264
5.3467308008757035
5.327018812287497
5.306874574022114
5.286579819432028
5.266416281869711
5.246665694687634
5.2276097912382715
5.209530304874093
5.192708968947572
5.1774275168111785
5.163967681817387
5.152611197318667
5.143639796667494
5.137335213216336
5.133979180317667
5.133853431323958
0.0
0.0
0.0
0.0
0.0
0.0
0.0
0.0
0.0
0.0
0.0
0.0
0.0
0.0
0.0
0.0
0.0
0.0
0.0
0.0
0.0
0.0
0.0
0.0
0.0
0.0
0.0
0.0
0.0
0.0
0.0
0.0
0.0
0.0
0.0
0.0
0.0
0.0
0.0
0.0
0.0
0.0
0.0
0.0
0.0
0.0
0.0
0.0
0.0
0.0
0.0
0.0
0.0
0.0
0.0
0.0
0.0
0.0
0.0
0.0
0.0
