0.0
0.0
0.0
0.0
0.0
0.0
0.0
0.0
0.0
0.0
0.0
0.0
0.0
0.0
0.0
0.0
0.0
0.0
0.0
0.0
0.0
0.0
0.0
0.0
0.0
0.0
0.0
0.0
0.0
0.0
0.0
0.0
0.0
0.0
0.0
0.0
0.0
0.0
0.0
0.0
0.0
0.0
0.0
0.0
0.0
0.0
0.0
0.0
0.0
0.0
0.0
0.0
0.0
0.0
0.0
0.0
0.0
0.0
0.0
0.0
0.0
0.0
0.0
0.0
0.0
0.0
0.0
0.0
0.0
0.0
0.0
0.0
0.0
0.0
0.0
0.0
0.0
0.0
0.0
0.0
0.0
0.0
0.0
0.0
0.0
0.0
0.0
0.0
0.0
0.0
0.0
0.0
0.0
0.0
0.0
0.0
0.0
0.0
0.0
0.0
0.0
0.0
0.0
5.295758605107083
5.269618843385934
5.246624877107697
5.226624212460599
5.20946435563286
5.194992812812704
5.183057090188356
5.173504693948037
5.166183130279973
5.160939905372385
5.157622525413498
5.156078496591536
5.156155325094721
5.157700517111277
5.1605615788294275
5.164586016437395
5.169621336123406
5.175515044075682
5.182114646482444
5.18926764953192
5.196821559412331
5.204623882311899
5.21252212441885
5.220363791921408
5.227996391007793
5.235267427866233
5.242024408684947
5.248114839652161
0.0
0.0
0.0
0.0
0.0
0.0
0.0
0.0
0.0
0.0
0.0
0.0
0.0
0.0
0.0
0.0
0.0
0.0
0.0
0.0
0.0
0.0
0.0
0.0
0.0
0.0
0.0
0.0
0.0
5.4507994476941555
5.452560091236356
5.454570448834345
5.456808916880269
5.459253891766277
5.461883769884518
5.464676947627141
5.467611821386296
5.470666787554127
5.473820242522788
5.477050582684426
5.480336204431189
5.483655504155227
5.486986878248687
5.490308723103719
5.493599435112472
5.496837410667095
5.500001046159736
5.503068737982543
5.506018882527665
5.508829876187253
5.511480115353454
5.513947996418415
5.516211915774289
5.518250269813222
5.5200414549273615
5.52156386750886
5.522795903949864
5.523715960642522
5.524302433978983
5.524533720351395
5.52438821615191
5.5238443177726735
5.5228804216058345
5.5214749240435435
5.5196062214779475
5.5172527103011975
5.514392786905439
5.511004847682824
5.507067289025499
5.502558507325614
0.0
0.0
0.0
0.0
0.0
0.0
0.0
0.0
0.0
0.0
0.0
0.0
0.0
0.0
0.0
0.0
0.0
0.0
0.0
0.0
0.0
0.0
0.0
0.0
0.0
0.0
0.0
0.0
0.0
0.0
0.0
0.0
0.0
0.0
0.0
0.0
0.0
0.0
0.0
0.0
0.0
0.0
0.0
0.0
0.0
0.0
0.0
0.0
0.0
0.0
0.0
0.0
0.0
0.0
0.0
0.0
0.0
0.0
0.0
0.0
0.0
0.0
0.0
0.0
0.0
0.0
0.0
0.0
0.0
0.0
0.0
0.0
0.0
0.0
0.0
