0.0
0.0
0.0
0.0
0.0
0.0
0.0
0.0
0.0
0.0
0.0
0.0
0.0
0.0
0.0
0.0
0.0
0.0
0.0
0.0
0.0
0.0
0.0
0.0
0.0
0.0
0.0
0.0
0.0
0.0
0.0
0.0
0.0
0.0
0.0
0.0
0.0
0.0
0.0
0.0
0.0
0.0
0.0
0.0
0.0
0.0
0.0
0.0
0.0
0.0
0.0
0.0
0.0
0.0
0.0
0.0
0.0
0.0
0.0
0.0
0.0
0.0
0.0
0.0
0.0
0.0
0.0
0.0
0.0
0.0
0.0
0.0
0.0
0.0
0.0
0.0
0.0
0.0
0.0
0.0
0.0
0.0
0.0
5.428547762820423
5.436317396606302
5.440433173799563
5.441172556129353
5.438813005324823
5.43363198311512
5.425906951229392
5.415915371396789
5.403934705346458
5.39024241480755
5.375115961509211
5.358832807180591
5.341670413550838
5.3239062423491
5.305817755304527
5.287682414146267
5.269777680603468
5.2523810164052795
5.235769883280849
5.220221742959326
5.206014057169858
5.193424287641594
5.182729896103684
5.174208344285275
5.168137093915516
5.1647936067235545
0.0
0.0
0.0
0.0
0.0
0.0
0.0
0.0
0.0
0.0
0.0
0.0
0.0
0.0
0.0
0.0
0.0
0.0
0.0
0.0
0.0
0.0
5.317385635939246
5.315475668526782
5.311838244322544
5.306591754308361
5.29985458946606
5.291745140777467
5.282381799224411
5.271882955788717
5.260367001452213
5.247952327196727
5.234757324004084
5.220900382856114
5.206499894734641
5.191674250621495
5.1765418414985005
5.161221058347486
5.145830292150278
5.130487933888703
5.11531237454459
5.100422005099765
5.085935216536055
5.071970399835287
5.058645945979287
5.046080245949885
5.034391690728906
5.023698671298177
5.014119578639526
5.0057728037347795
4.998776737565764
4.993249771114309
4.989310295362238
4.9870767012913815
4.9866673798835635
4.988200722120615
4.991795118984358
4.997568961456624
0.0
0.0
0.0
0.0
0.0
0.0
0.0
0.0
0.0
0.0
0.0
0.0
0.0
0.0
0.0
0.0
0.0
0.0
0.0
0.0
0.0
0.0
0.0
0.0
0.0
0.0
0.0
0.0
0.0
0.0
0.0
0.0
0.0
0.0
0.0
0.0
0.0
0.0
0.0
0.0
0.0
0.0
0.0
0.0
0.0
0.0
0.0
0.0
0.0
0.0
0.0
0.0
0.0
0.0
0.0
0.0
0.0
0.0
0.0
0.0
0.0
0.0
0.0
0.0
0.0
0.0
0.0
0.0
0.0
0.0
