0.0
0.0
0.0
0.0
0.0
0.0
0.0
0.0
0.0
0.0
0.0
0.0
0.0
0.0
0.0
0.0
0.0
0.0
0.0
0.0
0.0
0.0
0.0
0.0
0.0
0.0
0.0
0.0
0.0
0.0
0.0
0.0
0.0
0.0
0.0
0.0
0.0
0.0
0.0
0.0
0.0
0.0
0.0
0.0
0.0
0.0
0.0
0.0
0.0
0.0
0.0
0.0
0.0
0.0
0.0
0.0
0.0
0.0
0.0
0.0
0.0
0.0
0.0
0.0
0.0
0.0
0.0
0.0
0.0
0.0
0.0
0.0
0.0
0.0
0.0
0.0
0.0
0.0
0.0
0.0
0.0
0.0
0.0
0.0
0.0
0.0
0.0
5.311508145057957
5.291703629766273
5.273061889286876
5.255555031655122
5.239155164906365
5.223834397075963
5.20956483619927
5.196318590311643
5.184067767448437
5.172784475645009
5.1624408229367145
5.1530089173589095
5.14446086694695
5.136768779736192
5.129904763761991
5.123840927059703
5.118549377664685
5.114002223612291
5.11017157293788
5.107029533676803
5.104548213864421
5.102699721536086
5.101456164727158
5.100789651472989
5.100672289808938
5.101076187770358
5.101973453392607
5.103336194711042
5.105136519761015
5.107346536577885
5.109938353197006
5.112884077653738
5.116155817983432
5.119725682221446
5.123565778403137
5.127648214563859
5.131945098738969
5.136428538963822
5.1410706432737765
5.145843519704184
5.150719276290404
5.1556700210677935
5.160667862071704
5.165684907337495
5.17069326490052
5.175665042796138
5.180572349059702
5.185387291726569
5.190081978832094
5.194628518411636
5.1989990185005475
5.203165587134186
5.207100332347907
0.0
0.0
0.0
0.0
0.0
0.0
0.0
0.0
0.0
0.0
0.0
0.0
0.0
0.0
0.0
0.0
0.0
0.0
0.0
0.0
0.0
0.0
0.0
0.0
0.0
0.0
0.0
0.0
0.0
0.0
0.0
0.0
0.0
0.0
0.0
0.0
0.0
0.0
0.0
0.0
0.0
0.0
0.0
0.0
0.0
0.0
0.0
0.0
0.0
0.0
0.0
0.0
0.0
0.0
0.0
0.0
0.0
0.0
0.0
0.0
0.0
0.0
0.0
0.0
0.0
0.0
0.0
0.0
0.0
0.0
0.0
0.0
0.0
0.0
0.0
0.0
0.0
0.0
0.0
0.0
0.0
0.0
0.0
0.0
0.0
0.0
0.0
0.0
0.0
0.0
0.0
