0.0
0.0
0.0
0.0
0.0
0.0
0.0
0.0
0.0
0.0
0.0
0.0
0.0
0.0
0.0
0.0
0.0
0.0
0.0
0.0
0.0
0.0
0.0
0.0
0.0
0.0
0.0
0.0
0.0
0.0
0.0
0.0
0.0
0.0
0.0
0.0
0.0
0.0
0.0
0.0
0.0
0.0
0.0
0.0
0.0
0.0
0.0
0.0
0.0
0.0
0.0
0.0
0.0
0.0
0.0
0.0
0.0
0.0
0.0
0.0
0.0
0.0
0.0
0.0
0.0
0.0
0.0
0.0
0.0
0.0
5.360897966114025
5.352172350701435
5.341134526837442
5.328080317859307
5.31330554710428
5.297106037909622
5.279777613612589
5.261616097550434
5.242917313060416
5.223977083479791
5.205091232145814
5.186555582395743
5.168665957566833
5.151718180996341
5.136008076021523
5.121831465979635
5.1094841742079335
5.099262024043675
5.0914608388241165
5.086376441886513
5.08430465656812
5.085541306206196
5.090382214137996
0.0
0.0
0.0
0.0
0.0
0.0
0.0
0.0
0.0
5.457886683320685
5.458516678489268
5.4602509820273895
5.462930349902227
5.46639553808096
5.470487302530763
5.47504639921882
5.479913584112305
5.484929613178398
5.489935242384278
5.494771227697124
5.499278325084112
5.503297290512422
5.506668879949233
5.509233849361722
5.510832954717068
5.51130695198245
5.510496597125044
5.508242646112033
5.504385854910591
5.498766979487899
0.0
0.0
0.0
0.0
0.0
0.0
0.0
0.0
0.0
0.0
0.0
5.395715539555321
5.396782991580384
5.395550193064497
5.392183396104067
5.386848852795504
5.379712815235218
5.370941535519614
5.360701265745105
5.349158258008098
5.336478764405001
5.322829037032224
5.308375327986176
5.2932838893632645
5.277720973259899
5.261852831772488
5.245845716997441
5.229865881031166
5.2140795759700715
5.198653053910568
5.18375256694906
5.169544367181962
5.156194706705681
5.143869837616622
5.132736012011199
5.122959481985816
5.114706499636886
5.108143317060815
5.103436186354013
5.100751359612889
5.10025508893385
5.102113626413308
0.0
0.0
0.0
0.0
0.0
0.0
0.0
0.0
0.0
0.0
0.0
0.0
0.0
5.45178211836779
5.452711392546564
5.45475014050635
5.457708667468596
5.461397278654744
5.465626279286241
5.47020597458453
5.474946669771058
5.47965867006727
5.484152280694611
5.488237806874523
5.491725553828454
5.494425826777849
5.496148930944153
5.496705171548811
5.495904853813267
5.493558282958967
5.489475764207356
5.4834676027798785
5.475344103897979
0.0
0.0
0.0
0.0
0.0
0.0
0.0
0.0
5.285990305521451
5.255355150612208
5.2306396599476175
5.211382890339728
5.197123898600592
5.187401741542257
5.181755475976782
5.179724158716214
5.180846846572603
5.184662596358004
5.190710464884468
5.198529508964043
5.2076587854087855
5.217637351030743
5.228004262641968
5.238298577054513
5.248059351080429
5.256825641531768
0.0
0.0
0.0
0.0
0.0
0.0
0.0
0.0
0.0
0.0
0.0
5.406087761619562
5.419759337220982
5.430008723900454
5.437046707083821
5.441084072196929
5.442331604665621
5.44100008991574
5.437300313373128
5.431443060463629
5.423639116613088
5.414099267247347
5.403034297792249
5.39065499367364
5.377172140317361
5.362796523149257
5.34773892759517
5.332210139080944
5.316420943032422
5.300582124875449
5.284904470035866
5.269598763939519
5.25487579201225
5.240946339679903
5.22802119236832
5.216311135503347
5.206026954510826
5.1973794348166
5.190579361846512
5.185837521026408
0.0
0.0
0.0
0.0
0.0
0.0
0.0
0.0
0.0
0.0
0.0
0.0
0.0
0.0
0.0
0.0
0.0
0.0
0.0
0.0
0.0
0.0
0.0
0.0
0.0
0.0
0.0
0.0
0.0
0.0
0.0
0.0
0.0
0.0
0.0
0.0
0.0
0.0
0.0
0.0
0.0
0.0
0.0
0.0
0.0
0.0
0.0
0.0
0.0
0.0
0.0
0.0
0.0
0.0
0.0
0.0
0.0
0.0
0.0
0.0
0.0
0.0
0.0
0.0
0.0
0.0
0.0
0.0
0.0
