0.0
0.0
0.0
0.0
0.0
0.0
0.0
0.0
0.0
0.0
0.0
0.0
0.0
0.0
0.0
0.0
0.0
0.0
0.0
0.0
0.0
0.0
0.0
0.0
0.0
0.0
0.0
0.0
0.0
0.0
0.0
0.0
0.0
0.0
0.0
0.0
0.0
0.0
0.0
0.0
0.0
0.0
0.0
0.0
0.0
0.0
0.0
0.0
0.0
0.0
0.0
0.0
0.0
0.0
0.0
0.0
0.0
0.0
0.0
0.0
0.0
0.0
0.0
0.0
0.0
0.0
0.0
0.0
0.0
0.0
0.0
0.0
0.0
0.0
0.0
0.0
0.0
0.0
0.0
0.0
0.0
0.0
0.0
0.0
0.0
0.0
5.365108180282074
5.345874132688309
5.321488678835095
5.293088891886637
5.26181184500714
5.228794611360806
5.195174264111841
5.162087876424449
5.130672521462834
5.102065272391202
5.077403202373755
5.057823384574698
5.044462892158236
5.038458798288573
5.0409481761299135
0.0
0.0
0.0
0.0
0.0
0.0
0.0
0.0
0.0
0.0
0.0
0.0
0.0
5.416724834771513
5.406129982270072
5.390793820195607
5.371533669690121
5.3491668518956175
5.324510687954102
5.298382499007579
5.2715996061980555
5.244979330667531
5.219338993558015
5.19549591601151
5.174267419170021
5.1564708241755515
5.142923452170108
5.134442624295695
5.131845661694316
0.0
0.0
0.0
0.0
0.0
0.0
0.0
0.0
0.0
0.0
0.0
0.0
0.0
0.0
0.0
5.435683285334888
5.432197419833098
5.429804242299309
5.428414447511205
5.427938730246467
5.428287785282775
5.429372307397813
5.431102991369259
5.433390531974796
5.436145623992106
5.439278962198869
5.442701241372766
5.446323156291481
5.450055401732691
5.453808672474081
5.45749366329333
5.46102106896812
5.464301584276134
5.4672459039950505
5.469764722902553
5.471768735776321
5.473168637394037
5.473875122533381
5.473798885972036
5.472850622487682
5.470941026858002
5.467980793860674
5.463880618273383
5.458551194873809
0.0
0.0
0.0
0.0
0.0
0.0
0.0
0.0
0.0
0.0
0.0
0.0
0.0
0.0
0.0
0.0
0.0
0.0
0.0
0.0
0.0
0.0
0.0
0.0
0.0
0.0
0.0
0.0
0.0
0.0
0.0
0.0
0.0
0.0
0.0
0.0
0.0
0.0
0.0
0.0
0.0
0.0
0.0
0.0
0.0
0.0
0.0
0.0
0.0
0.0
0.0
0.0
0.0
0.0
0.0
0.0
0.0
0.0
0.0
0.0
0.0
0.0
0.0
0.0
0.0
0.0
0.0
0.0
0.0
0.0
0.0
0.0
0.0
0.0
0.0
0.0
0.0
0.0
0.0
0.0
0.0
0.0
0.0
