0.0
0.0
0.0
0.0
0.0
0.0
0.0
0.0
0.0
0.0
0.0
0.0
0.0
0.0
0.0
0.0
0.0
0.0
0.0
0.0
0.0
0.0
0.0
0.0
0.0
0.0
0.0
0.0
0.0
0.0
0.0
0.0
0.0
0.0
0.0
0.0
0.0
0.0
0.0
0.0
0.0
0.0
0.0
0.0
0.0
0.0
0.0
0.0
0.0
0.0
0.0
0.0
0.0
0.0
0.0
0.0
0.0
0.0
0.0
0.0
0.0
0.0
0.0
0.0
0.0
0.0
0.0
0.0
0.0
0.0
0.0
0.0
0.0
0.0
0.0
0.0
0.0
0.0
5.41633083872524
5.437362034840485
5.449920006245063
5.454856619441709
5.453023740933159
5.445273237222152
5.432456974811426
5.415426820203717
5.39503463990176
5.372132300408295
5.347571668226059
5.322204609857788
5.2968829918062195
5.2724586805740925
5.249783542664141
5.229709444579105
5.213088252821719
5.200771833894723
0.0
0.0
0.0
0.0
0.0
0.0
0.0
0.0
0.0
0.0
0.0
0.0
0.0
0.0
0.0
0.0
5.316155090041362
5.3123587527827025
5.304688992002398
5.293542366683944
5.279315435810831
5.262404758366558
5.243206893334617
5.222118399698498
5.199535836441701
5.175855762547717
5.151474737000039
5.126789318782163
5.102196066877582
5.078091540269789
5.054872297942279
5.032934898878547
5.012675902062084
4.9944918664763875
4.978779351104949
4.965934914931263
4.956355116938824
4.950436516111125
4.94857567143166
4.951169141883924
4.958613486451411
0.0
0.0
0.0
0.0
0.0
0.0
0.0
0.0
5.301407614532656
5.270280810929717
5.245756589683608
5.227258565803839
5.2142103542999285
5.206035570181386
5.202157828457728
5.202000744138465
5.204987932233112
5.210543007751182
5.218089585702189
5.227051281095647
5.236851708941066
5.246914484247964
5.256663222025851
5.2655215372842425
0.0
0.0
0.0
0.0
0.0
0.0
0.0
5.306861674365264
5.2878054633773734
5.270338609313255
5.254407401722447
5.239958130154496
5.2269370841589415
5.21529055328533
5.204964827083201
5.1959061951021
5.188060946891567
5.181375372001146
5.17579575998038
5.171268400378813
5.167739582745986
5.165155596631442
5.163462731584724
5.162607277155376
5.162535522892939
5.163193758346956
5.164528273066971
5.166485356602525
5.169011298503163
5.172052388318426
5.175554915597858
5.179465169891
5.183729440747397
5.188294017716591
5.193105190348124
5.19810924819154
5.203252480796381
5.20848117771219
5.213741628488509
5.218980122674883
5.224142949820853
5.229176399475961
5.234026761189752
5.238640324511768
5.24296337899155
5.2469422141786435
5.250523119622589
0.0
0.0
0.0
0.0
0.0
0.0
0.0
0.0
0.0
0.0
0.0
0.0
0.0
0.0
0.0
0.0
0.0
0.0
0.0
0.0
0.0
0.0
0.0
0.0
0.0
0.0
0.0
0.0
0.0
0.0
0.0
0.0
0.0
0.0
0.0
0.0
0.0
0.0
0.0
0.0
0.0
0.0
0.0
0.0
0.0
0.0
0.0
0.0
0.0
0.0
0.0
0.0
0.0
0.0
0.0
0.0
0.0
0.0
0.0
0.0
0.0
