0.0
0.0
0.0
0.0
0.0
0.0
0.0
0.0
0.0
0.0
0.0
0.0
0.0
0.0
0.0
0.0
0.0
0.0
0.0
0.0
0.0
0.0
0.0
0.0
0.0
0.0
0.0
0.0
0.0
0.0
0.0
0.0
0.0
0.0
0.0
0.0
0.0
0.0
0.0
0.0
0.0
0.0
0.0
0.0
0.0
0.0
0.0
0.0
0.0
0.0
0.0
0.0
0.0
0.0
0.0
0.0
0.0
0.0
0.0
0.0
0.0
0.0
0.0
0.0
0.0
0.0
0.0
0.0
0.0
0.0
0.0
0.0
0.0
0.0
0.0
0.0
0.0
0.0
0.0
0.0
0.0
0.0
0.0
0.0
0.0
0.0
0.0
0.0
0.0
0.0
0.0
0.0
0.0
5.45836162876171
5.459333207295369
5.463593410956542
5.470174490169126
5.4781086953570215
5.486428276944126
5.494165485354342
5.500352571011567
5.5040217843397
5.504205375762642
5.49993559570429
0.0
0.0
0.0
0.0
0.0
5.324102229170898
5.316750748557782
5.3072712940322875
5.2958637002349995
5.28272780180651
5.268063433387403
5.252070429618271
5.234948625139703
5.216897854592284
5.198117952616606
5.178808753853256
5.159170092942824
5.139401804525896
5.119703723243061
5.100275683734911
5.081317520642031
5.063029068605012
5.04561016226444
5.029260636260904
5.014180325234996
5.0005690638273
4.988626686678408
4.978553028428907
4.970547923719387
4.964811207190435
4.961542713482639
4.960942277236589
4.963209733092874
4.968544915692083
4.977147659674802
0.0
0.0
0.0
0.0
0.0
5.437277883575673
5.439561023423034
5.441835103893993
5.443876656346264
5.445462212137563
5.446368302625603
5.446371459168103
5.445248213122773
5.442775095847328
5.4387286386994855
5.432885373036957
5.425021830217458
0.0
0.0
0.0
0.0
0.0
0.0
0.0
0.0
5.448876306738075
5.450369435641672
5.455111772714689
5.462211596033913
5.470777183676131
5.479916813718137
5.488738764236715
5.496351313308655
5.501862739010746
5.5043813194197755
5.503015332612533
5.496873056665807
0.0
0.0
0.0
0.0
0.0
0.0
0.0
0.0
0.0
0.0
0.0
0.0
5.323851047312422
5.296592119421396
5.265332336866344
5.231267826207214
5.195594714003954
5.159509126816512
5.124207191204837
5.090885033728877
5.060738780948579
5.034964559423892
5.014758495714763
5.00131671638114
4.995835347982974
4.99951051708021
0.0
0.0
0.0
0.0
0.0
0.0
0.0
0.0
0.0
0.0
0.0
0.0
0.0
0.0
5.467754037076674
5.466822941456564
5.466449415140604
5.466592368341275
5.467210711271061
5.468263354142442
5.4697092071679
5.471507180559917
5.4736161845309725
5.47599512929355
5.478602925060131
5.481398482043197
5.4843407104552275
5.487388520508707
5.4905008224161165
5.4936365263899365
5.496754542642648
5.4998137813867345
5.502773152834675
5.5055915671989535
5.50822793469205
5.510641165526447
5.512790169914625
5.514633858069068
5.516131140202254
5.517240926526666
5.517922127254788
5.518133652599096
5.5178344127720775
5.516983317986211
5.515539278453978
5.513461204387862
5.510708006000341
5.5072385935038985
5.5030118771110175
5.497986767034178
0.0
0.0
0.0
0.0
0.0
0.0
0.0
0.0
0.0
0.0
0.0
0.0
0.0
0.0
0.0
0.0
0.0
0.0
5.458308732808586
5.462622872647895
5.471456478643675
5.482588094138165
5.4937962624736
5.502859526992217
5.507556431036256
5.505665517947952
0.0
0.0
0.0
0.0
0.0
0.0
0.0
0.0
5.331677457652786
5.3147666305085455
5.290959462414817
5.2615824497842505
5.227962089029503
5.191424876563225
5.153297308798072
5.114905882146697
5.077577093021755
5.042637437835898
5.011413413001781
4.985231514932057
4.965418240039379
4.953300084736402
4.9502035454357785
4.957455118550163
0.0
0.0
0.0
0.0
0.0
0.0
0.0
0.0
0.0
0.0
0.0
0.0
5.451398740017594
5.448324601495815
5.44659431756283
5.446074669285527
5.446632437730788
5.448134403965497
5.4504473490565415
5.453438054070803
5.456973300075168
5.4609198681365205
5.465144539321746
5.469514094697727
5.473895315331351
5.4781549822894995
5.482159876639059
5.4857767794469146
5.48887247177995
5.491313734705049
5.492967349289097
5.493700096598979
5.49337875770158
5.491870113663783
5.489040945552474
5.484758034434536
5.478888161376855
0.0
0.0
0.0
0.0
0.0
0.0
0.0
0.0
0.0
5.355515929773731
5.3392392515451155
5.31781847518803
5.2921390266280826
5.263086331790877
5.231545816602018
5.198402906987113
5.164543028871765
5.130851608181579
5.098214070842158
5.067515842779112
5.039642349918043
5.015479018184555
4.995911273504256
4.981824541802748
4.974104249005639
4.973635821038531
4.981304683827031
0.0
0.0
0.0
0.0
0.0
0.0
0.0
0.0
0.0
5.453976919453397
5.452356042045072
5.452379814277299
5.453846681843424
5.4565550904368045
5.460303485750792
5.46489031347874
5.470114019314
5.475773048949928
5.4816658480798734
5.487590862397192
5.493346537595236
5.498731319367358
5.50354365340691
5.507581985407247
5.510644761061721
5.512530426063686
5.513037426106493
5.511964206883497
5.509109214088049
5.504270893413504
0.0
0.0
0.0
0.0
0.0
5.43935351743701
5.441975724821737
5.4413301012911335
5.437686983175374
5.431316706804633
5.422489608509089
5.4114760246189135
5.398546291464283
5.383970745375374
5.368019722682358
5.350963559715413
5.3330725928047125
5.314617158280434
5.295867592472749
5.2770942317118354
5.258567412327868
5.24055747065102
5.22333474301147
5.20716956573939
5.192332275164954
5.179093207618342
5.167722699429724
5.1584910869292795
5.15166870644718
5.147525894313602
5.146332986858721
0.0
0.0
5.449816041794845
5.446864754078195
5.445821961883767
5.446397987276532
5.448303152321462
5.451247779083533
5.454942189627716
5.459096706018984
5.463421650322312
5.467627344602668
5.471424110925031
5.474522271354371
5.47663214795566
5.477464062793872
5.476728337933979
5.474135295440957
5.469395257379774
0.0
0.0
0.0
0.0
0.0
5.287379635180816
5.234721372922665
5.199079487579441
5.178046972204934
5.169216819852929
5.170182023577215
5.17853557643158
5.1918704714698105
5.207779701745697
5.223856260313023
0.0
0.0
0.0
0.0
0.0
0.0
0.0
0.0
0.0
5.4249805231905395
5.436046900178567
5.441294081341978
5.441289836132699
5.436601934002658
5.427798144403781
5.415446236787993
5.400113980607224
5.382369145313399
5.362779500358445
5.3419128151942905
5.320336859272859
5.29861940204608
5.277328212965879
5.257031061484184
5.238295717052921
5.221689949124018
5.2077815271493995
5.197138220580994
5.190327798870728
0.0
0.0
0.0
0.0
0.0
0.0
0.0
0.0
0.0
0.0
0.0
0.0
5.243346719797101
5.240665097315908
5.228880114691333
5.209856954164951
5.1854607979783305
5.157556828373047
5.128010227590674
5.098686177872783
5.071449861460947
5.048166460596739
5.030701157521732
5.0209191344774995
5.020685573705612
0.0
0.0
0.0
0.0
0.0
0.0
0.0
0.0
0.0
0.0
0.0
0.0
0.0
0.0
0.0
0.0
0.0
0.0
0.0
0.0
0.0
0.0
0.0
0.0
0.0
0.0
0.0
0.0
0.0
0.0
0.0
0.0
0.0
0.0
0.0
0.0
0.0
0.0
0.0
0.0
0.0
0.0
0.0
0.0
0.0
0.0
0.0
0.0
0.0
0.0
0.0
0.0
0.0
0.0
0.0
0.0
0.0
0.0
0.0
0.0
0.0
0.0
0.0
0.0
0.0
0.0
0.0
0.0
0.0
0.0
0.0
0.0
0.0
0.0
0.0
0.0
0.0
0.0
0.0
0.0
0.0
0.0
0.0
0.0
0.0
0.0
0.0
0.0
0.0
0.0
0.0
0.0
0.0
0.0
0.0
0.0
0.0
0.0
0.0
0.0
0.0
0.0
0.0
0.0
0.0
0.0
0.0
0.0
0.0
0.0
0.0
0.0
0.0
