0.0
0.0
0.0
0.0
0.0
0.0
0.0
0.0
0.0
0.0
0.0
0.0
0.0
0.0
0.0
0.0
0.0
0.0
0.0
0.0
0.0
0.0
0.0
0.0
0.0
0.0
0.0
0.0
0.0
0.0
0.0
0.0
0.0
0.0
0.0
0.0
0.0
0.0
0.0
0.0
0.0
0.0
0.0
0.0
0.0
0.0
0.0
0.0
0.0
0.0
0.0
0.0
0.0
0.0
0.0
0.0
0.0
0.0
0.0
0.0
0.0
0.0
0.0
0.0
0.0
0.0
0.0
0.0
0.0
0.0
0.0
0.0
0.0
0.0
0.0
5.279677391052246
5.239362716674805
5.204669952392578
5.1753058433532715
5.150976657867432
5.131389617919922
5.116250038146973
5.105263710021973
5.098138332366943
5.094580173492432
5.094295024871826
5.096988201141357
5.102367877960205
5.1101393699646
5.120009422302246
5.131683349609375
5.144868850708008
5.159271717071533
5.174598217010498
5.190554618835449
5.206847190856934
0.0
0.0
0.0
0.0
0.0
0.0
0.0
0.0
0.0
5.333464622497559
5.3011298179626465
5.2750349044799805
5.254706859588623
5.2396721839904785
5.229458808898926
5.2235941886901855
5.2216057777404785
5.223020076751709
5.227365016937256
5.234167575836182
5.242955207824707
5.253255367279053
5.264594554901123
5.276500701904297
5.288502216339111
0.0
0.0
0.0
0.0
0.0
0.0
0.0
0.0
0.0
0.0
0.0
5.3438401222229
5.322464942932129
5.302186012268066
5.283038139343262
5.265056610107422
5.248278617858887
5.232739448547363
5.218474388122559
5.20551872253418
5.193909168243408
5.183681488037109
5.17487096786499
5.167513847351074
5.161645412445068
5.15730094909668
5.154517650604248
5.1533308029174805
5.153775215148926
5.155887603759766
5.159703254699707
5.165258407592773
5.172588348388672
5.181729316711426
5.192716598510742
0.0
0.0
0.0
0.0
0.0
0.0
0.0
0.0
0.0
0.0
5.31831169128418
5.307980537414551
5.2972731590271
5.286245822906494
5.2749552726745605
5.263457298278809
5.251810073852539
5.2400689125061035
5.22829008102417
5.216531276702881
5.204848289489746
5.193298816680908
5.181938648223877
5.170823574066162
5.160011291503906
5.1495585441589355
5.139520645141602
5.129955291748047
5.120919227600098
5.1124677658081055
5.104659080505371
5.097548484802246
5.091192722320557
5.085649490356445
5.080974102020264
5.077223300933838
5.0744547843933105
5.072723388671875
5.072086811065674
5.072601795196533
5.074324131011963
5.0773115158081055
5.0816192626953125
5.087304592132568
5.094424724578857
5.1030354499816895
5.113192558288574
0.0
0.0
0.0
0.0
0.0
0.0
0.0
0.0
0.0
0.0
0.0
0.0
0.0
0.0
0.0
0.0
0.0
0.0
0.0
0.0
0.0
0.0
0.0
0.0
0.0
0.0
0.0
0.0
0.0
0.0
0.0
0.0
0.0
0.0
0.0
0.0
0.0
0.0
0.0
0.0
0.0
0.0
0.0
0.0
0.0
0.0
0.0
0.0
0.0
0.0
0.0
0.0
0.0
0.0
0.0
0.0
5.449068069458008
5.454759120941162
5.451974391937256
5.4418230056762695
5.425412178039551
5.403850078582764
5.378244876861572
5.349704742431641
5.319336414337158
5.288248538970947
5.257549285888672
5.228346347808838
5.201748371124268
5.178862571716309
5.160797119140625
5.1486592292785645
5.143558025360107
0.0
0.0
0.0
0.0
0.0
0.0
0.0
0.0
0.0
0.0
0.0
0.0
0.0
5.412529468536377
5.407049655914307
5.408108234405518
5.414132118225098
5.423549175262451
5.434786796569824
5.446272850036621
5.456434726715088
5.4636993408203125
5.466495037078857
5.4632487297058105
0.0
0.0
0.0
0.0
0.0
0.0
0.0
0.0
0.0
0.0
0.0
0.0
0.0
0.0
0.0
5.418595314025879
5.443216323852539
5.452606201171875
5.44907283782959
5.43492317199707
5.4124650955200195
5.384006023406982
5.351850986480713
5.318309783935547
5.285688400268555
5.256294250488281
5.232434272766113
5.216416358947754
0.0
0.0
0.0
0.0
0.0
0.0
0.0
0.0
5.207697868347168
5.214663028717041
5.212063312530518
5.201632022857666
5.185104846954346
5.164212703704834
5.14069128036499
5.116272926330566
5.092692852020264
5.071683406829834
5.054978847503662
5.044312953948975
5.041418552398682
5.048031330108643
0.0
0.0
5.292989253997803
5.265326023101807
5.244522571563721
5.229916095733643
5.220840930938721
5.21663236618042
5.21662712097168
5.220158576965332
5.226563453674316
5.235177040100098
5.245335102081299
5.256371021270752
5.267623424530029
5.278425693511963
5.288112163543701
0.0
0.0
0.0
0.0
0.0
0.0
5.410360336303711
5.429243087768555
5.443185329437256
5.452548503875732
5.457695007324219
5.458985328674316
5.456782341003418
5.451448440551758
5.443343639373779
5.43283224105835
5.42027473449707
5.406033039093018
5.390469074249268
5.3739447593688965
5.356822490692139
5.339463233947754
5.322229862213135
5.305484294891357
5.289587020874023
5.274901390075684
5.261788368225098
5.2506103515625
5.241729259490967
5.235506534576416
5.232304573059082
0.0
0.0
0.0
0.0
0.0
0.0
0.0
0.0
0.0
0.0
0.0
0.0
0.0
0.0
0.0
0.0
0.0
0.0
0.0
0.0
0.0
0.0
5.404094696044922
5.402017593383789
5.401350975036621
5.401912689208984
5.403520584106445
5.40599250793457
5.409147262573242
5.412801265716553
5.416773796081543
5.420882225036621
5.424943923950195
5.428777694702148
5.432201385498047
5.435032367706299
5.437088966369629
5.438188552856445
5.438150405883789
5.436790466308594
5.433928489685059
5.429381370544434
0.0
0.0
0.0
0.0
0.0
0.0
0.0
0.0
0.0
0.0
0.0
5.3830060958862305
5.394179821014404
5.387956142425537
5.367803573608398
5.337189197540283
5.299581527709961
5.258449554443359
5.217260360717773
5.179482936859131
5.148585319519043
5.128036022186279
5.121302127838135
0.0
0.0
0.0
0.0
0.0
0.0
0.0
0.0
0.0
0.0
5.288357734680176
5.299016952514648
5.298503398895264
5.288673400878906
5.271385669708252
5.248497009277344
5.221865653991699
5.193348407745361
5.164803504943848
5.138088226318359
5.115060329437256
5.097577095031738
5.087496280670166
5.086675643920898
0.0
0.0
0.0
0.0
0.0
5.293093681335449
5.270230293273926
5.250857353210449
5.2347917556762695
5.221851348876953
5.21185302734375
5.204614162445068
5.199951171875
5.197681903839111
5.1976237297058105
5.199593544006348
5.203409194946289
5.208886623382568
5.215844631195068
5.224099159240723
5.2334675788879395
5.243767738342285
5.254816055297852
5.266430854797363
5.278428077697754
5.29062557220459
0.0
0.0
0.0
0.0
0.0
0.0
0.0
0.0
0.0
5.298009395599365
5.276888370513916
5.257355690002441
5.239372253417969
5.222898960113525
5.207896709442139
5.194326400756836
5.1821489334106445
5.171324729919434
5.161815643310547
5.153581619262695
5.1465840339660645
5.14078426361084
5.136142730712891
5.132619857788086
5.130177021026611
5.128775119781494
5.1283745765686035
5.128936767578125
5.130422592163086
5.132794380187988
5.136009693145752
5.140031814575195
5.1448211669921875
5.150338172912598
5.1565446853637695
5.163400650024414
5.170867443084717
5.178905963897705
5.187477111816406
5.196541786193848
5.20605993270874
0.0
0.0
0.0
0.0
0.0
0.0
0.0
0.0
0.0
0.0
0.0
0.0
0.0
0.0
0.0
0.0
0.0
0.0
0.0
0.0
0.0
0.0
0.0
0.0
0.0
0.0
0.0
0.0
0.0
0.0
0.0
0.0
0.0
0.0
0.0
0.0
0.0
0.0
0.0
0.0
0.0
0.0
0.0
0.0
0.0
0.0
0.0
0.0
0.0
0.0
0.0
0.0
0.0
0.0
0.0
0.0
0.0
0.0
0.0
0.0
0.0
0.0
0.0
0.0
0.0
0.0
0.0
0.0
0.0
0.0
0.0
0.0
0.0
0.0
0.0
0.0
0.0
0.0
0.0
0.0
0.0
0.0
0.0
0.0
0.0
0.0
0.0
0.0
0.0
0.0
0.0
0.0
0.0
0.0
0.0
0.0
0.0
0.0
0.0
0.0
0.0
0.0
0.0
0.0
0.0
0.0
0.0
0.0
0.0
0.0
0.0
0.0
0.0
0.0
0.0
0.0
0.0
0.0
0.0
0.0
0.0
0.0
0.0
0.0
0.0
0.0
0.0
0.0
0.0
0.0
0.0
0.0
0.0
0.0
0.0
0.0
0.0
0.0
0.0
0.0
0.0
0.0
