0.0
0.0
0.0
0.0
0.0
0.0
0.0
0.0
0.0
0.0
0.0
0.0
0.0
0.0
0.0
0.0
0.0
0.0
0.0
0.0
0.0
0.0
0.0
0.0
0.0
0.0
0.0
0.0
0.0
0.0
0.0
0.0
0.0
0.0
0.0
0.0
0.0
0.0
0.0
0.0
0.0
0.0
0.0
0.0
0.0
0.0
0.0
0.0
0.0
0.0
0.0
0.0
0.0
0.0
0.0
0.0
0.0
0.0
0.0
0.0
0.0
0.0
0.0
0.0
0.0
0.0
0.0
5.271405220031738
5.206348896026611
5.156429767608643
5.120640277862549
5.097972393035889
5.087418556213379
5.087971210479736
5.098622798919678
5.11836576461792
5.1461920738220215
0.0
0.0
0.0
0.0
0.0
0.0
0.0
0.0
0.0
0.0
0.0
5.449099063873291
5.4543657302856445
5.457025051116943
5.457247734069824
5.455206871032715
5.451072692871094
5.4450178146362305
5.437214374542236
5.42783260345459
5.417046546936035
5.405025959014893
5.391944408416748
5.377971172332764
5.363279819488525
5.3480424880981445
5.332429885864258
5.316614151000977
5.300766944885254
5.285060405731201
5.269665241241455
5.254754543304443
5.240499973297119
5.227071762084961
5.214643478393555
5.203385829925537
5.1934709548950195
5.185070991516113
5.178356170654297
5.173500061035156
5.170673847198486
5.170049667358398
0.0
0.0
5.324953079223633
5.3228349685668945
5.319131851196289
5.313955783843994
5.307416915893555
5.299627780914307
5.290700912475586
5.280745983123779
5.269876480102539
5.25820255279541
5.245835781097412
5.232888698577881
5.219472885131836
5.205698490142822
5.191679000854492
5.177525043487549
5.163346767425537
5.149258613586426
5.13537073135376
5.1217942237854
5.108641624450684
5.096024036407471
5.084052562713623
5.072839736938477
5.062496662139893
5.053134918212891
5.04486608505249
5.037802219390869
5.0320539474487305
5.02773380279541
5.024952411651611
5.023821830749512
5.024454593658447
5.026961326599121
5.031452655792236
5.038042068481445
5.046839714050293
0.0
0.0
0.0
0.0
0.0
0.0
0.0
0.0
5.391989707946777
5.388002395629883
5.377806186676025
5.362311840057373
5.342430114746094
5.319070339202881
5.293144702911377
5.265561580657959
5.237232685089111
5.209068298339844
5.181978702545166
5.156874179840088
5.1346659660339355
5.1162638664245605
5.102578163146973
5.094519138336182
5.092998027801514
5.09892463684082
0.0
0.0
0.0
0.0
0.0
0.0
0.0
0.0
0.0
0.0
0.0
5.275160312652588
5.240429878234863
5.213051795959473
5.192447185516357
5.178036689758301
5.169241428375244
5.165482044219971
5.166179656982422
5.170754909515381
5.178627967834473
5.1892218589782715
5.201954364776611
5.216248512268066
5.23152494430542
5.247203826904297
5.2627058029174805
0.0
0.0
0.0
0.0
0.0
0.0
0.0
5.281197547912598
5.264711380004883
5.25044584274292
5.23829984664917
5.228172302246094
5.219961166381836
5.213566303253174
5.208884239196777
5.205815315246582
5.204257965087891
5.2041096687316895
5.2052693367004395
5.207636833190918
5.211109161376953
5.215585708618164
5.2209649085998535
5.227145195007324
5.234025001525879
5.241504192352295
5.249478816986084
5.25784969329834
0.0
0.0
0.0
0.0
0.0
0.0
0.0
5.376489639282227
5.378481388092041
5.367734432220459
5.346529006958008
5.317141056060791
5.2818498611450195
5.242932319641113
5.202667236328125
5.163331985473633
5.127203941345215
5.096561908721924
5.07368278503418
5.060845851898193
5.060327053070068
0.0
0.0
0.0
0.0
0.0
0.0
0.0
0.0
0.0
0.0
0.0
0.0
0.0
0.0
0.0
0.0
5.281710147857666
5.255553722381592
5.231908798217773
5.210688591003418
5.191804885864258
5.175172328948975
5.160702228546143
5.148309230804443
5.137906074523926
5.129404544830322
5.122718811035156
5.11776065826416
5.114445686340332
5.11268424987793
5.112390041351318
5.1134772300720215
5.1158576011657715
5.119444370269775
5.124151229858398
5.129890441894531
5.136575698852539
5.1441192626953125
5.152434825897217
5.161435127258301
5.1710333824157715
5.181142330169678
5.191674709320068
5.202544212341309
5.2136640548706055
5.224946022033691
5.236304759979248
0.0
0.0
0.0
0.0
0.0
0.0
0.0
0.0
0.0
0.0
0.0
0.0
0.0
0.0
0.0
0.0
0.0
0.0
0.0
0.0
0.0
0.0
0.0
0.0
0.0
0.0
0.0
0.0
0.0
0.0
0.0
5.332103252410889
5.318275451660156
5.300156116485596
5.2784223556518555
5.253750801086426
5.22681999206543
5.198306083679199
5.168887138366699
5.139240264892578
5.110042572021484
5.081970691680908
5.055703163146973
5.031917572021484
5.011289596557617
4.994498252868652
4.982219696044922
4.975131988525391
4.973911285400391
4.979236125946045
4.991783142089844
0.0
0.0
0.0
0.0
5.283905029296875
5.246732234954834
5.220799922943115
5.204823970794678
5.197523593902588
5.197616100311279
5.203819751739502
5.214850902557373
5.229428768157959
5.246269702911377
5.264091968536377
5.281613826751709
0.0
0.0
0.0
0.0
0.0
5.4121785163879395
5.431743144989014
5.445852756500244
5.454918384552002
5.459352970123291
5.459568977355957
5.455977916717529
5.448992729187012
5.439025402069092
5.426488399505615
5.411793231964111
5.395351886749268
5.377578258514404
5.358883380889893
5.33967924118042
5.32037878036499
5.301393985748291
5.283136367797852
5.266019344329834
5.250453948974609
5.236854076385498
5.225630283355713
5.2171950340271
5.2119622230529785
0.0
0.0
0.0
0.0
0.0
0.0
0.0
0.0
0.0
0.0
0.0
0.0
5.277776718139648
5.2437543869018555
5.217389106750488
5.198060512542725
5.1851487159729
5.178033351898193
5.1760945320129395
5.178710460662842
5.185261249542236
5.195127964019775
5.207688808441162
5.222322940826416
5.2384114265441895
5.255332946777344
5.272467613220215
0.0
0.0
0.0
0.0
0.0
0.0
0.0
0.0
0.0
0.0
0.0
0.0
5.402543544769287
5.38763427734375
5.377001762390137
5.370143413543701
5.366554260253906
5.3657331466674805
5.367175102233887
5.370378017425537
5.374838829040527
5.380053520202637
5.385519981384277
5.3907341957092285
5.395193099975586
5.398393630981445
0.0
0.0
0.0
0.0
0.0
0.0
0.0
0.0
0.0
0.0
0.0
0.0
0.0
0.0
0.0
0.0
0.0
0.0
0.0
0.0
0.0
0.0
0.0
5.327422618865967
5.312450885772705
5.289962291717529
5.261376857757568
5.228116512298584
5.1916022300720215
5.153255939483643
5.114498615264893
5.076751708984375
5.041435718536377
5.009973049163818
4.983784198760986
4.964291095733643
4.952914714813232
4.951076030731201
4.9601969718933105
0.0
0.0
0.0
0.0
0.0
0.0
0.0
0.0
0.0
0.0
0.0
0.0
0.0
0.0
0.0
0.0
0.0
0.0
0.0
0.0
0.0
0.0
0.0
0.0
0.0
0.0
0.0
0.0
0.0
0.0
0.0
0.0
0.0
0.0
0.0
0.0
0.0
0.0
0.0
0.0
0.0
0.0
0.0
0.0
0.0
0.0
0.0
0.0
0.0
0.0
0.0
0.0
0.0
0.0
0.0
0.0
0.0
0.0
0.0
0.0
0.0
0.0
0.0
0.0
0.0
0.0
0.0
0.0
0.0
0.0
0.0
0.0
0.0
0.0
0.0
0.0
0.0
0.0
0.0
0.0
0.0
0.0
0.0
0.0
0.0
0.0
0.0
0.0
0.0
0.0
0.0
0.0
0.0
0.0
0.0
0.0
0.0
0.0
0.0
0.0
0.0
0.0
0.0
0.0
0.0
0.0
0.0
0.0
0.0
0.0
0.0
0.0
0.0
0.0
0.0
0.0
0.0
0.0
0.0
