0.0
0.0
0.0
0.0
0.0
0.0
0.0
0.0
0.0
0.0
0.0
0.0
0.0
0.0
0.0
0.0
0.0
0.0
0.0
0.0
0.0
0.0
0.0
0.0
0.0
0.0
0.0
0.0
0.0
0.0
0.0
0.0
0.0
0.0
0.0
0.0
0.0
0.0
0.0
0.0
0.0
0.0
0.0
0.0
0.0
0.0
0.0
0.0
0.0
0.0
0.0
0.0
0.0
0.0
0.0
0.0
0.0
0.0
0.0
0.0
0.0
0.0
0.0
0.0
0.0
0.0
0.0
0.0
0.0
0.0
0.0
5.326332063296913
5.289434307814209
5.251057844273907
5.212310839340379
5.174301459677991
5.138137871951118
5.104928242824127
5.075780738961387
5.051803527027271
5.034104773686148
5.023792645602386
5.021975309440357
5.0297609318644305
0.0
0.0
0.0
5.462140662992584
5.460446004599662
5.459422095904379
5.459017097387171
5.4591791695284835
5.459856472808758
5.4609971677084355
5.462549414707957
5.464461374287767
5.466681206928304
5.469157073110014
5.471837133313335
5.47466954801871
5.477602477706582
5.480584082857391
5.483562523951581
5.48648596146959
5.489302555891864
5.491960467698843
5.49440785737097
5.496592885388684
5.498463712232429
5.499968498382647
5.5010554043197795
5.501672590524268
5.5017682174765525
5.501290445657079
5.5001874355462865
5.498407347624617
5.495898342372512
5.492608580270416
5.488486221798767
5.483479427438009
0.0
0.0
0.0
0.0
0.0
0.0
5.301129328249003
5.2605101928052225
5.225223813985751
5.195065503431492
5.169830572783353
5.149314333682241
5.133312097769062
5.121619176684723
5.11403088207013
5.110342525566189
5.110349418813808
5.11384687345389
5.120630201127346
5.1304947134750805
5.143235722138
0.0
0.0
0.0
0.0
0.0
0.0
0.0
5.281482152465327
5.240900433421923
5.2065877201121795
5.178152775593928
5.155204362925
5.137351245163227
5.124202185366442
5.1153659465924735
5.110451291899156
5.10906698434432
5.110821786985796
5.115324462881418
5.122183775089014
5.131008486666418
5.141407360671461
5.152989160161974
5.165362648195789
5.178136587830737
5.19091974212465
5.2033208741353585
0.0
0.0
0.0
0.0
0.0
0.0
0.0
0.0
0.0
0.0
5.325927882953526
5.316751533682633
5.303859056264993
5.287726803016602
5.268831126253456
5.247648378291549
5.224654911446879
5.200327078035439
5.175141230373229
5.149573720776239
5.1241009015604675
5.09919912504191
5.0753447435365615
5.053014109360419
5.032683574829476
5.01482949225973
4.999928213967174
4.988456092267809
4.980889479477623
4.9777047279126165
4.979378189888785
4.9863862177221225
0.0
0.0
0.0
0.0
0.0
0.0
0.0
0.0
0.0
0.0
0.0
5.4360788837359335
5.4483805676978765
5.449825088362084
5.442105486569465
5.426914803160932
5.405946078977394
5.380892354859759
5.353446671648937
5.32530207018584
5.298151591311377
5.273688275866455
5.2536051646919875
5.239595298628881
0.0
0.0
0.0
0.0
0.0
0.0
0.0
0.0
0.0
5.408463058556734
5.429306004410059
5.440791262318348
5.443946639939523
5.439799944931499
5.429378984952196
5.4137115676595355
5.393825500711434
5.37074859176581
5.345508648480587
5.31913347851368
5.292650889523009
5.267088689166496
5.243474685102056
5.22283668498761
5.206202496481077
5.194599927240376
0.0
0.0
0.0
0.0
0.0
0.0
0.0
0.0
0.0
0.0
0.0
0.0
0.0
0.0
5.315066028141128
5.286148475612696
5.261356392827165
5.2404547540837125
5.223208533681515
5.2093827059197455
5.198742245097583
5.1910521255142035
5.186077321468782
5.183582807260495
5.1833335571885195
5.18509454555203
5.188630746650203
5.1937071347822155
5.200088684247244
5.2075403693444615
0.0
0.0
0.0
0.0
0.0
0.0
0.0
0.0
0.0
0.0
0.0
5.4383053647183095
5.440166621071231
5.443463874984679
5.447906589727108
5.453204228566969
5.459066254772718
5.46520213161281
5.471321322355697
5.477133290269835
5.482347498623676
5.486673410685677
5.4898204897242895
5.491498199007968
5.491416001805169
5.489283361384343
5.484809741013947
5.477704603962434
5.467677413498256
0.0
0.0
0.0
0.0
0.0
0.0
0.0
0.0
0.0
0.0
5.3963599730569625
5.4066152506135685
5.412077610164117
5.413157025238162
5.410263469365259
5.403806916074964
5.39419733889683
5.381844711360413
5.36715900699527
5.350550199330954
5.332428261897021
5.3132031682230245
5.293284891838521
5.273083406273067
5.253008685056216
5.233470701717523
5.214879429786544
5.197644842792834
5.1821769142659475
5.16888561773544
5.158180926730866
5.150472814781782
5.146171255417742
0.0
0.0
0.0
0.0
0.0
0.0
0.0
0.0
0.0
0.0
0.0
0.0
0.0
0.0
0.0
0.0
0.0
0.0
0.0
0.0
0.0
0.0
0.0
0.0
0.0
0.0
0.0
0.0
0.0
0.0
0.0
0.0
0.0
0.0
0.0
0.0
0.0
0.0
0.0
0.0
0.0
0.0
0.0
0.0
0.0
0.0
0.0
0.0
0.0
