0.0
0.0
0.0
0.0
0.0
0.0
0.0
0.0
0.0
0.0
0.0
0.0
0.0
0.0
0.0
0.0
0.0
0.0
0.0
0.0
0.0
0.0
0.0
0.0
0.0
0.0
0.0
0.0
0.0
0.0
0.0
0.0
0.0
0.0
0.0
0.0
0.0
0.0
0.0
0.0
0.0
0.0
0.0
0.0
0.0
0.0
0.0
0.0
0.0
0.0
0.0
0.0
0.0
0.0
0.0
0.0
0.0
0.0
0.0
0.0
0.0
0.0
0.0
0.0
0.0
0.0
0.0
0.0
0.0
0.0
0.0
0.0
0.0
0.0
0.0
0.0
0.0
0.0
0.0
0.0
0.0
0.0
5.283226768124656
5.250391578523405
5.220844284769603
5.194453311444684
5.171087083130079
5.150614024407221
5.132902559857545
5.1178211140624805
5.105238111603462
5.095021977061922
5.087041135019295
5.081164010057009
5.077259026756501
5.075194609699203
5.074839183466545
5.076061172639964
5.078729001800889
5.0827110955307555
5.087875878410993
5.094091775023038
5.101227209948322
5.109150607768275
5.117730393064333
5.126834990417928
5.136332824410492
5.146092319623457
5.155981900638259
5.165869992036326
5.175625018399095
5.185115404307995
5.1942095743444625
0.0
0.0
0.0
0.0
0.0
0.0
0.0
0.0
0.0
0.0
0.0
0.0
0.0
0.0
0.0
0.0
0.0
0.0
0.0
0.0
0.0
0.0
0.0
5.3431993627521805
5.335319356628258
5.3251017338501025
5.3127757197844625
5.298570539798086
5.282715419257721
5.265439583530117
5.246972257982021
5.227542667980184
5.20738003889135
5.18671359608227
5.165772564919693
5.144786170770367
5.123983639001037
5.103594194978456
5.08384706406937
5.064971471640527
5.047196643058677
5.030751803690568
5.015866178902946
5.002768994062563
4.991689474536164
4.982856845690499
4.976500332892317
4.972849161508365
4.9721325569053905
4.9745797444501445
4.9804199495093755
0.0
0.0
0.0
0.0
0.0
0.0
0.0
0.0
0.0
0.0
0.0
0.0
0.0
0.0
0.0
0.0
0.0
0.0
0.0
0.0
0.0
0.0
0.0
0.0
0.0
0.0
0.0
0.0
0.0
0.0
0.0
0.0
0.0
0.0
0.0
0.0
0.0
0.0
0.0
0.0
0.0
0.0
0.0
0.0
0.0
0.0
0.0
0.0
0.0
0.0
0.0
0.0
0.0
0.0
0.0
0.0
0.0
0.0
0.0
0.0
0.0
0.0
0.0
0.0
0.0
0.0
0.0
0.0
0.0
0.0
0.0
0.0
0.0
0.0
0.0
0.0
0.0
0.0
0.0
0.0
0.0
0.0
0.0
0.0
0.0
0.0
0.0
0.0
0.0
0.0
0.0
0.0
0.0
0.0
0.0
0.0
0.0
0.0
0.0
0.0
0.0
0.0
0.0
0.0
0.0
