0.0
0.0
0.0
0.0
0.0
0.0
0.0
0.0
0.0
0.0
0.0
0.0
0.0
0.0
0.0
0.0
0.0
0.0
0.0
0.0
0.0
0.0
0.0
0.0
0.0
0.0
0.0
0.0
0.0
0.0
0.0
0.0
0.0
0.0
0.0
0.0
0.0
0.0
5.453499582421545
5.452371906493919
5.451959934724276
5.452194833127948
5.453007767720267
5.454329904516565
5.456092409532174
5.458226448782424
5.46066318828265
5.463333794048182
5.466169432094355
5.469101268436496
5.472060469089941
5.47497820007002
5.477785627392067
5.480413917071412
5.482794235123389
5.484857747563327
5.486535620406561
5.487759019668422
5.488459111364241
5.488567061509352
5.488014036119085
5.486731201208774
5.484649722793749
5.481700766889344
5.477815499510888
5.472925086673717
0.0
0.0
0.0
0.0
0.0
0.0
0.0
0.0
0.0
0.0
0.0
0.0
0.0
5.307153288767414
5.2841902400061755
5.2627672525693665
5.242843186557956
5.224376902072914
5.2073272592152104
5.191653118085819
5.177313338785707
5.1642667814158445
5.152472306077203
5.141888772870756
5.132475041897467
5.1241899732583125
5.116992427054259
5.11084126338628
5.105695342355344
5.101513524062422
5.098254668608484
5.0958776360945
5.094341286621441
5.093604480290279
5.093626077201982
5.094364937457522
5.095779921157867
5.097829888403989
5.1004736992968605
5.1036702139374475
5.107378292426724
5.111556794865659
5.116164581355224
5.121160511996387
5.12650344689012
5.132152246137394
5.138065769839178
5.144202878096443
5.15052243101016
5.156983288681299
5.163544311210829
5.170164358699722
5.176802291248949
5.183416968959479
5.189967251932282
5.196412000268331
5.202710074068593
5.208820333434041
0.0
0.0
0.0
0.0
0.0
0.0
0.0
0.0
0.0
0.0
0.0
0.0
0.0
0.0
0.0
0.0
0.0
0.0
0.0
0.0
0.0
0.0
0.0
0.0
0.0
0.0
0.0
0.0
0.0
0.0
0.0
0.0
0.0
0.0
0.0
0.0
0.0
0.0
0.0
0.0
0.0
0.0
0.0
0.0
0.0
0.0
0.0
0.0
0.0
0.0
0.0
0.0
0.0
0.0
0.0
0.0
0.0
0.0
0.0
0.0
0.0
0.0
