0.0
0.0
0.0
0.0
0.0
0.0
0.0
0.0
0.0
0.0
0.0
0.0
0.0
0.0
0.0
0.0
0.0
0.0
0.0
0.0
0.0
0.0
0.0
0.0
0.0
0.0
0.0
0.0
0.0
0.0
0.0
0.0
0.0
0.0
0.0
0.0
0.0
0.0
0.0
0.0
0.0
0.0
0.0
0.0
0.0
0.0
0.0
0.0
0.0
0.0
0.0
0.0
0.0
0.0
0.0
0.0
0.0
0.0
0.0
0.0
0.0
0.0
0.0
0.0
0.0
0.0
0.0
0.0
0.0
0.0
0.0
0.0
0.0
0.0
0.0
0.0
0.0
0.0
0.0
0.0
0.0
0.0
0.0
0.0
0.0
0.0
0.0
0.0
0.0
0.0
0.0
0.0
0.0
0.0
0.0
0.0
0.0
0.0
0.0
0.0
0.0
0.0
0.0
0.0
0.0
0.0
0.0
5.437855907289313
5.4335313871065045
5.427183411392688
5.418983389104607
5.409102729199002
5.3977128406326145
5.384985132362186
5.371091013344455
5.356201892536167
5.340489178894061
5.324124281374879
5.307278608935361
5.29012357053225
5.272830575122287
5.255571031662212
5.238516349108767
5.221837936418694
5.205707202548735
5.190295556455629
5.175774407096118
5.162315163426945
5.15008923440485
5.139268028986575
5.13002295612886
5.1225254247884475
5.1169468439220775
5.113458622486492
5.112232169438433
5.113438893734641
0.0
0.0
0.0
0.0
0.0
0.0
0.0
0.0
0.0
0.0
0.0
0.0
0.0
0.0
0.0
0.0
0.0
0.0
5.463177836655863
5.461870743909028
5.461164685684416
5.461014498927526
5.461375020583859
5.462201087598914
5.463447536918192
5.465069205487192
5.467020930251415
5.46925754815636
5.471733896147528
5.4744048111704195
5.477225130170535
5.480149690093371
5.483133327884431
5.486130880489213
5.489097184853219
5.491987077921947
5.494755396640898
5.497356977955574
5.499746658811471
5.501879276154093
5.503709666928938
5.505192668081506
5.506283116557297
5.5069358493018115
5.5071057032605495
5.50674751537901
5.505816122602695
5.504266361877105
5.5020530701477375
5.499131084360093
5.495455241459673
5.490980378391976
0.0
0.0
0.0
0.0
0.0
0.0
0.0
0.0
0.0
0.0
0.0
0.0
0.0
0.0
0.0
0.0
0.0
0.0
0.0
0.0
0.0
0.0
0.0
0.0
0.0
0.0
0.0
0.0
0.0
0.0
0.0
0.0
0.0
0.0
0.0
0.0
0.0
0.0
0.0
0.0
0.0
0.0
0.0
0.0
0.0
0.0
0.0
0.0
0.0
0.0
0.0
0.0
0.0
0.0
0.0
0.0
0.0
0.0
0.0
0.0
0.0
0.0
0.0
0.0
0.0
0.0
0.0
0.0
0.0
0.0
0.0
0.0
0.0
0.0
0.0
0.0
0.0
0.0
0.0
0.0
0.0
0.0
0.0
0.0
0.0
0.0
0.0
0.0
0.0
0.0
0.0
0.0
0.0
0.0
0.0
0.0
0.0
0.0
0.0
0.0
0.0
