0.0
0.0
0.0
0.0
0.0
0.0
0.0
0.0
0.0
0.0
0.0
0.0
0.0
0.0
0.0
0.0
0.0
0.0
0.0
0.0
0.0
0.0
0.0
0.0
0.0
0.0
0.0
0.0
0.0
0.0
0.0
0.0
0.0
0.0
0.0
0.0
0.0
0.0
0.0
0.0
0.0
0.0
0.0
0.0
0.0
0.0
0.0
0.0
0.0
0.0
0.0
0.0
0.0
0.0
0.0
0.0
0.0
0.0
0.0
0.0
0.0
0.0
0.0
0.0
0.0
0.0
0.0
5.45301048774426
5.453544931084696
5.454637463423224
5.456229315221045
5.458261716939353
5.460675899039345
5.463413091982221
5.466414526229178
5.469621432241411
5.472975040480119
5.4764165814064985
5.479887285481749
5.483328383167065
5.4866811049236475
5.489886681212689
5.4928863424953915
5.49562131923295
5.4980328418865625
5.500062140917426
5.501650446786736
5.502738989955695
5.503269000885496
5.503181710037337
5.502418347872416
5.500920144851931
5.498628331437078
5.495484138089056
5.491428795269061
5.486403533438291
5.480349583057942
0.0
0.0
0.0
0.0
0.0
0.0
0.0
5.410458499787475
5.409247938202838
5.4083876487710185
5.407858757119174
5.407642388874462
5.4077196696640355
5.408071725115055
5.408679680854672
5.409524662510048
5.4105877957083335
5.41185020607669
5.41329301924227
5.4148973608322315
5.416644356473731
5.418515131793923
5.420490812419965
5.422552523979013
5.424681392098223
5.4268585424047515
5.429065100525754
5.431282192088388
5.43349094271981
5.435672478047174
5.437807923697639
5.439878405298359
5.441865048476489
5.4437489788591895
5.445511322073614
5.447133203746919
5.44859574950626
5.449880084978796
5.450967335791679
5.451838627572069
5.45247508594712
5.4528578365439895
5.452968004989834
5.452786716911807
5.452295097937069
5.451474273692771
5.450305369806073
5.448769511904131
5.446847825614101
5.444521436563137
5.441771470378399
5.4385790526870395
5.434925309116218
0.0
0.0
0.0
0.0
0.0
0.0
0.0
0.0
0.0
0.0
0.0
0.0
0.0
0.0
0.0
0.0
0.0
0.0
0.0
0.0
0.0
0.0
0.0
0.0
0.0
0.0
0.0
0.0
0.0
0.0
0.0
0.0
0.0
0.0
0.0
0.0
0.0
0.0
0.0
0.0
0.0
0.0
0.0
0.0
0.0
0.0
0.0
0.0
0.0
0.0
0.0
0.0
0.0
0.0
0.0
0.0
0.0
0.0
0.0
0.0
0.0
0.0
0.0
0.0
0.0
0.0
0.0
0.0
0.0
0.0
0.0
0.0
0.0
0.0
0.0
0.0
0.0
0.0
0.0
0.0
0.0
0.0
0.0
0.0
0.0
0.0
0.0
