0.0
0.0
0.0
0.0
0.0
0.0
0.0
0.0
0.0
0.0
0.0
0.0
0.0
0.0
0.0
0.0
0.0
0.0
0.0
0.0
0.0
0.0
0.0
0.0
0.0
0.0
0.0
0.0
0.0
0.0
0.0
0.0
0.0
0.0
0.0
0.0
0.0
0.0
0.0
0.0
0.0
0.0
0.0
0.0
0.0
0.0
0.0
0.0
0.0
0.0
0.0
0.0
0.0
0.0
0.0
0.0
0.0
0.0
0.0
0.0
0.0
0.0
0.0
0.0
0.0
0.0
0.0
0.0
0.0
0.0
0.0
0.0
5.331726591734963
5.316313192691565
5.3001873386729805
5.283461068613651
5.266246421448012
5.248655436110507
5.230800151535574
5.212792606657648
5.194744840411172
5.176768891730582
5.15897679955032
5.141480602804824
5.124392340428532
5.107824051355884
5.091887774521317
5.0766955488592735
5.06235941330419
5.048991406790505
5.036703568252658
5.025607936625089
5.015816550842237
5.007441449838542
5.000594672548438
4.995388257906368
4.99193424484677
4.990344672304085
4.990731579212749
4.993207004507203
4.9978829871218835
5.004871565991232
5.014284780049687
0.0
0.0
0.0
0.0
5.433892698222027
5.43130366226579
5.429140706486595
5.427385702027648
5.4260205200321545
5.425027031643326
5.424387108004369
5.424082620258491
5.424095439548899
5.4244074370188
5.425000483811404
5.425856451069918
5.426957209937548
5.428284631557503
5.42982058707299
5.431546947627217
5.433445584363392
5.435498368424722
5.437687170954415
5.439993863095677
5.442400315991718
5.444888400785746
5.447439988620966
5.4500369506405875
5.452661157987818
5.455294481805864
5.457918793237934
5.460515963427237
5.463067863516978
5.465556364650366
5.467963337970608
5.470270654620914
5.472460185744489
5.47451380248454
5.476413375984278
5.478140777386908
5.479677877835639
5.481006548473677
5.482108660444231
5.482966084890508
5.4835606929557175
5.483874355783064
5.483888944515757
5.483586330297004
5.482948384270013
5.48195697757799
5.480593981364144
5.478841266771684
5.4766807049438135
5.474094167023744
5.471063524154683
0.0
0.0
0.0
0.0
0.0
0.0
0.0
0.0
0.0
0.0
0.0
0.0
0.0
0.0
0.0
0.0
0.0
0.0
0.0
0.0
0.0
0.0
0.0
0.0
0.0
0.0
0.0
0.0
0.0
0.0
0.0
0.0
0.0
0.0
0.0
0.0
0.0
0.0
0.0
0.0
0.0
0.0
0.0
0.0
0.0
0.0
0.0
0.0
0.0
0.0
0.0
0.0
0.0
0.0
0.0
0.0
0.0
0.0
0.0
0.0
0.0
0.0
0.0
0.0
0.0
0.0
0.0
0.0
0.0
0.0
0.0
0.0
0.0
0.0
0.0
0.0
0.0
0.0
0.0
0.0
0.0
0.0
0.0
0.0
0.0
0.0
0.0
0.0
0.0
0.0
0.0
0.0
0.0
0.0
0.0
0.0
0.0
0.0
0.0
