0.0
0.0
0.0
0.0
0.0
0.0
0.0
0.0
0.0
0.0
0.0
0.0
0.0
0.0
0.0
0.0
0.0
0.0
0.0
0.0
0.0
0.0
0.0
0.0
0.0
0.0
0.0
0.0
0.0
0.0
0.0
0.0
0.0
0.0
0.0
0.0
0.0
0.0
0.0
0.0
0.0
0.0
0.0
0.0
0.0
0.0
0.0
0.0
0.0
0.0
0.0
0.0
0.0
0.0
0.0
0.0
0.0
0.0
0.0
0.0
0.0
0.0
0.0
0.0
0.0
0.0
0.0
0.0
0.0
0.0
0.0
0.0
0.0
0.0
0.0
0.0
0.0
0.0
0.0
0.0
0.0
0.0
0.0
0.0
0.0
0.0
0.0
0.0
0.0
0.0
0.0
0.0
0.0
0.0
5.428536858315543
5.427264241492703
5.426447018949607
5.426038515094859
5.425992054337067
5.426260961084836
5.426798559746771
5.427558174731478
5.4284931304475625
5.429556751303631
5.430702361708289
5.43188328607014
5.433052848797792
5.43416437429985
5.43517118698492
5.436026611261608
5.4366839715385185
5.437096592224257
5.4372177977274285
5.437000912456641
5.4363992608205
5.435366167227609
5.433854956086575
5.4318189518060045
5.4292114787945
5.425985861460671
5.422095424213121
5.417493491460456
0.0
0.0
0.0
5.41061354720645
5.41132570636391
5.41337697754843
5.416463584799341
5.420281752155978
5.424527703657675
5.428897663343766
5.433087855253585
5.436794503426468
5.439713831901748
5.441542064718759
5.441975425916836
5.440710139535312
5.437442429613523
5.431868520190801
5.423684635306484
0.0
0.0
0.0
0.0
5.41557603023663
5.442542276847508
5.455639038563115
5.456655611977658
5.447381293685339
5.429605380280365
5.405117168356942
5.375705954509275
5.343161035331568
5.309271707418028
5.27582726736286
5.244617011760268
5.217430237204459
5.1960562402896375
0.0
0.0
0.0
0.0
0.0
0.0
0.0
0.0
0.0
0.0
0.0
0.0
0.0
0.0
0.0
0.0
0.0
0.0
0.0
0.0
0.0
0.0
5.319127516836703
5.309490295850485
5.295076884426818
5.276573677961159
5.254667071848968
5.230043461485702
5.203389242266817
5.175390809587772
5.146734558844025
5.1181068854310325
5.090194184744251
5.0636828521791415
5.03925928313116
5.017609872995762
4.999421017168408
4.985379111044554
4.976170550019659
4.972481729489179
4.974999044848573
4.984408891493298
0.0
0.0
0.0
0.0
0.0
0.0
0.0
0.0
0.0
0.0
0.0
0.0
0.0
0.0
0.0
0.0
0.0
0.0
0.0
0.0
0.0
0.0
0.0
0.0
0.0
0.0
0.0
0.0
0.0
0.0
0.0
0.0
0.0
0.0
0.0
0.0
0.0
0.0
0.0
0.0
0.0
0.0
0.0
0.0
0.0
0.0
0.0
0.0
0.0
0.0
0.0
0.0
0.0
0.0
0.0
0.0
0.0
0.0
0.0
0.0
0.0
0.0
0.0
0.0
0.0
0.0
0.0
0.0
0.0
0.0
0.0
0.0
0.0
0.0
0.0
0.0
0.0
0.0
0.0
0.0
0.0
0.0
0.0
0.0
0.0
0.0
0.0
0.0
0.0
0.0
0.0
0.0
0.0
0.0
0.0
0.0
0.0
0.0
0.0
0.0
