0.0
0.0
0.0
0.0
0.0
0.0
0.0
0.0
0.0
0.0
0.0
0.0
0.0
0.0
0.0
0.0
0.0
0.0
0.0
0.0
0.0
0.0
0.0
0.0
0.0
0.0
0.0
0.0
0.0
0.0
0.0
0.0
0.0
0.0
0.0
0.0
0.0
0.0
0.0
0.0
0.0
0.0
0.0
0.0
0.0
0.0
0.0
0.0
0.0
0.0
0.0
0.0
0.0
0.0
0.0
0.0
0.0
0.0
0.0
0.0
0.0
0.0
0.0
0.0
0.0
0.0
0.0
0.0
0.0
0.0
0.0
0.0
0.0
0.0
0.0
0.0
0.0
0.0
0.0
0.0
0.0
0.0
0.0
0.0
0.0
5.440383486607331
5.438048166941929
5.428826811918669
5.413675329014635
5.39354962570691
5.369405609472579
5.342199187788724
5.312886268132429
5.282422757980777
5.251764564810852
5.221867596099738
5.193687759324517
5.168180961962274
5.1463031114900915
5.129010115385053
5.1172578811242415
5.112002316184741
0.0
0.0
0.0
0.0
0.0
0.0
0.0
0.0
0.0
0.0
0.0
0.0
0.0
0.0
5.4168045186416
5.413413979385928
5.404317004073793
5.390274470520391
5.372047256540926
5.3503962399505935
5.326082298564597
5.299866310198134
5.272509152666405
5.244771703784609
5.2174148413679475
5.1911994432316195
5.166886387190823
5.145236551060761
5.12701081265663
5.112970049793634
5.103875140286968
5.1004869619518365
0.0
0.0
0.0
0.0
0.0
0.0
0.0
0.0
5.273428808560557
5.2735558426201825
5.271461178293713
5.267322188902239
5.261316247766848
5.253620728208631
5.244413003548678
5.233870447108074
5.222170432207911
5.20949033216928
5.196007520313268
5.181899369960964
5.167343254433456
5.152516547051836
5.137596621137192
5.1227608500106125
5.108186606993188
5.094051265406006
5.0805321985701575
5.06780677980673
5.056052382436814
5.045446379781499
5.036166145161871
5.028389051899022
5.0222924733140415
5.018053782728018
5.015850353462039
5.015859558837195
5.018258772174576
5.023225366795271
0.0
0.0
0.0
0.0
0.0
0.0
0.0
0.0
0.0
0.0
0.0
0.0
0.0
0.0
0.0
0.0
0.0
0.0
0.0
0.0
0.0
0.0
0.0
0.0
0.0
0.0
0.0
0.0
0.0
0.0
0.0
0.0
0.0
0.0
0.0
0.0
0.0
0.0
0.0
0.0
0.0
0.0
0.0
0.0
0.0
0.0
0.0
0.0
0.0
0.0
0.0
0.0
0.0
0.0
0.0
0.0
0.0
0.0
0.0
0.0
0.0
0.0
0.0
0.0
0.0
0.0
0.0
0.0
0.0
0.0
0.0
0.0
0.0
0.0
0.0
0.0
0.0
0.0
0.0
0.0
0.0
0.0
0.0
0.0
0.0
