0.0
0.0
0.0
0.0
0.0
0.0
0.0
0.0
0.0
0.0
0.0
0.0
0.0
0.0
0.0
0.0
0.0
0.0
0.0
0.0
0.0
0.0
0.0
0.0
0.0
0.0
0.0
0.0
0.0
0.0
0.0
0.0
0.0
0.0
0.0
0.0
0.0
0.0
0.0
0.0
0.0
0.0
0.0
0.0
0.0
0.0
0.0
0.0
0.0
0.0
0.0
0.0
0.0
0.0
0.0
0.0
0.0
0.0
0.0
0.0
0.0
0.0
0.0
0.0
0.0
0.0
0.0
0.0
0.0
0.0
0.0
0.0
0.0
0.0
0.0
0.0
5.2942897729022915
5.2703427255408855
5.249064016074996
5.230332643842525
5.214027608181374
5.200027908429443
5.188212543924635
5.178460514004851
5.170650818007992
5.16466245527196
5.160374425134655
5.1576657269339785
5.156415360007834
5.156502323694123
5.157805617330744
5.1602042402556
5.163577191806592
5.167803471321622
5.17276207813859
5.1783320115953995
5.184392271029951
5.190821855780146
5.197499765183885
5.20430499857907
5.211116555303602
5.217813434695383
5.224274636092314
5.230379158832298
0.0
0.0
0.0
0.0
0.0
0.0
0.0
0.0
5.331491531682735
5.307374137101761
5.2853845500061265
5.265447077191652
5.247486025454161
5.231425701589474
5.217190412393417
5.20470446466181
5.193892165190474
5.184677820775232
5.176985738211909
5.170740224296325
5.165865585824301
5.162286129591663
5.15992616239423
5.158709991027826
5.158561922288273
5.159406262971394
5.161167319873009
5.163769399788943
5.167136809515017
5.171193855847053
5.1758648455808745
5.181074085512303
5.186745882437163
5.192804543151273
5.199174374450457
5.205779683130537
5.212544775987336
5.219393959816677
0.0
0.0
0.0
0.0
0.0
0.0
0.0
0.0
0.0
0.0
0.0
0.0
0.0
0.0
0.0
0.0
0.0
0.0
5.3403214554525125
5.331657722705062
5.320873983878642
5.308176534434587
5.293771669834233
5.277865685538915
5.260664877009971
5.242375539708734
5.223203969096542
5.203356460634731
5.183039309784634
5.162458812007589
5.141821262764933
5.121332957517998
5.101200191728123
5.081629260856643
5.062826460364894
5.04499808571421
5.028350432365929
5.0130897957813865
4.999422471421917
4.9875547547488575
4.977692941223543
4.97004332630731
4.964812205461493
4.962205874147431
4.962430627826455
4.965692761959905
4.972198572009114
0.0
0.0
0.0
0.0
0.0
0.0
0.0
0.0
0.0
0.0
0.0
0.0
0.0
0.0
0.0
0.0
0.0
0.0
0.0
0.0
0.0
0.0
0.0
0.0
0.0
0.0
0.0
0.0
0.0
0.0
0.0
0.0
0.0
0.0
0.0
0.0
0.0
0.0
0.0
0.0
0.0
0.0
0.0
0.0
0.0
0.0
0.0
0.0
0.0
0.0
0.0
0.0
0.0
0.0
0.0
0.0
0.0
0.0
0.0
0.0
0.0
0.0
0.0
0.0
0.0
0.0
0.0
0.0
0.0
0.0
0.0
0.0
0.0
0.0
0.0
0.0
0.0
0.0
0.0
0.0
0.0
0.0
0.0
0.0
0.0
0.0
0.0
0.0
0.0
0.0
0.0
0.0
0.0
0.0
0.0
0.0
0.0
0.0
0.0
0.0
0.0
0.0
0.0
0.0
0.0
0.0
0.0
0.0
0.0
0.0
0.0
0.0
0.0
0.0
0.0
0.0
0.0
0.0
0.0
0.0
0.0
0.0
0.0
0.0
0.0
