0.0
0.0
0.0
0.0
0.0
0.0
0.0
0.0
0.0
0.0
0.0
0.0
0.0
0.0
0.0
0.0
0.0
0.0
0.0
0.0
0.0
0.0
0.0
0.0
0.0
0.0
0.0
0.0
0.0
0.0
0.0
0.0
0.0
0.0
0.0
0.0
0.0
0.0
0.0
0.0
0.0
0.0
0.0
0.0
0.0
0.0
0.0
0.0
0.0
0.0
0.0
0.0
0.0
0.0
0.0
0.0
0.0
0.0
0.0
0.0
0.0
0.0
0.0
0.0
0.0
0.0
0.0
0.0
0.0
0.0
0.0
0.0
0.0
0.0
0.0
0.0
0.0
0.0
0.0
0.0
0.0
0.0
0.0
0.0
5.411470053267631
5.435809497822785
5.451259220108759
5.458692539020509
5.458982773452993
5.45300324230116
5.441627264459968
5.425728158824372
5.406179244289326
5.3838538397497855
5.359625264100703
5.334366836237036
5.3089518750537374
5.284253699445762
5.261145628308066
5.240500980535603
5.223193075023329
5.210095230666196
0.0
0.0
0.0
0.0
0.0
0.0
0.0
0.0
0.0
0.0
0.0
0.0
0.0
0.0
5.320695520525918
5.316337211760943
5.308319461573995
5.297007214576289
5.282765415379043
5.2659590085934695
5.246952938830786
5.226112150702207
5.203801588818951
5.180386197792231
5.156230922233264
5.131700706753264
5.10716049596345
5.082975234475035
5.059509866899235
5.037129337847269
5.016198591930347
4.997082573759688
4.980146227946507
4.965754499102022
4.954272331837446
4.946064670763995
4.9414964604928855
4.940932645635334
4.944738170802554
4.953277980605763
0.0
0.0
0.0
0.0
0.0
0.0
0.0
5.307886134632709
5.279741450856973
5.257452551602465
5.2405130752074855
5.2284166600103354
5.220656944349313
5.216727566562719
5.216122164988854
5.218334377966017
5.22285784383251
5.2291862009266294
5.236813087586681
5.245232142150959
5.253937002957766
5.262421308345403
5.270178696652169
5.276702806216365
0.0
0.0
0.0
0.0
0.0
0.0
0.0
5.304901653415482
5.2910019089270035
5.277722514252914
5.265054595352205
5.252989278183863
5.241517688706876
5.230630952880234
5.220320196662925
5.210576546013936
5.201391126892258
5.192755065256877
5.184659487066784
5.177095518280966
5.170054284858411
5.163526912758108
5.157504527939047
5.151978256360214
5.146939223980597
5.142378556759187
5.138287380654972
5.1346568216269395
5.1314780056340785
5.128742058635378
5.1264401065898255
5.124563275456409
5.123102691194119
5.122049479761942
5.121394767118867
5.121129679223882
5.121245342035977
5.12173288151414
5.122583423617359
5.123788094304622
5.125338019534919
5.127224325267236
5.129438137460564
5.13197058207389
5.134812785066204
5.137955872396493
5.141390970023745
5.14510920390695
5.149101700005096
5.15335958427717
5.157873982682163
5.162636021179062
0.0
0.0
0.0
0.0
0.0
0.0
0.0
5.452640778849006
5.453781004447557
5.457122139570525
5.462185923848648
5.468494096912664
5.475568398393312
5.482930567921331
5.490102345127457
5.49660546964243
5.5019616810969865
5.505692719121866
5.507320323347807
5.506366233405548
5.502352188925825
5.494799929539379
0.0
0.0
5.430721540509099
5.4383641738279636
5.440638650675442
5.438069134005773
5.43117978677319
5.420494771931931
5.406538252436231
5.389834391240328
5.370907351298456
5.3502812955648515
5.328480386993752
5.306028788539393
5.28345066315601
5.261270173797842
5.240011483419121
5.220198754974085
5.202356151416971
5.187007835702015
5.174677970783452
5.165890719615518
5.161170245152452
0.0
0.0
0.0
0.0
0.0
0.0
0.0
0.0
0.0
0.0
5.311167853316455
5.284836676064156
5.254630976356641
5.221744422941037
5.187370684564474
5.15270342997408
5.118936327916983
5.087263047140314
5.058877256391198
5.034972624416765
5.0167428199641435
5.0053815117804605
5.002082368612847
5.008039059208429
0.0
0.0
0.0
0.0
0.0
0.0
0.0
0.0
0.0
0.0
0.0
0.0
0.0
0.0
0.0
0.0
0.0
5.443106929614218
5.450766957857587
5.452544619892539
5.449042623593747
5.440863676835888
5.428610487493642
5.412885763441683
5.394292212554689
5.373432542707337
5.350909461774304
5.327325677630266
5.3032838981499
5.279386831207884
5.256237184678895
5.234437666437608
5.2145909843587015
5.197299846316851
5.1831669601867345
5.172795033843029
5.166786775160411
0.0
0.0
0.0
0.0
0.0
0.0
0.0
0.0
0.0
0.0
0.0
0.0
5.194745610883909
5.201897830277301
5.202800597704863
5.198287149750775
5.1891907229992125
5.176344554034354
5.160581879440375
5.142735935801455
5.12363995970177
5.104127187725498
5.085030856456817
5.067184202479902
5.0514204623789345
5.038572872738088
5.029474670141542
5.024959091173473
5.025859372418059
0.0
0.0
0.0
0.0
0.0
0.0
0.0
0.0
0.0
0.0
0.0
0.0
0.0
0.0
0.0
0.0
0.0
0.0
0.0
0.0
0.0
0.0
0.0
0.0
0.0
0.0
0.0
0.0
0.0
0.0
0.0
0.0
0.0
0.0
0.0
0.0
0.0
0.0
0.0
0.0
0.0
0.0
0.0
0.0
0.0
0.0
0.0
0.0
0.0
0.0
0.0
0.0
0.0
0.0
0.0
0.0
0.0
0.0
0.0
0.0
0.0
0.0
0.0
0.0
