0.0
0.0
0.0
0.0
0.0
0.0
0.0
0.0
0.0
0.0
0.0
0.0
0.0
0.0
0.0
0.0
0.0
0.0
0.0
0.0
0.0
0.0
0.0
0.0
0.0
0.0
0.0
0.0
0.0
0.0
0.0
0.0
0.0
0.0
0.0
0.0
0.0
0.0
0.0
0.0
0.0
0.0
0.0
0.0
0.0
0.0
0.0
0.0
0.0
0.0
0.0
0.0
0.0
0.0
0.0
0.0
0.0
0.0
0.0
0.0
0.0
0.0
0.0
0.0
0.0
0.0
0.0
0.0
0.0
0.0
0.0
0.0
0.0
0.0
0.0
0.0
0.0
0.0
0.0
5.293797781664338
5.2432605597041615
5.1980492908514
5.158397113455758
5.124537165866943
5.096702586434663
5.075126513508624
5.060042085438533
5.051682440574094
5.050280717265018
5.056070053861007
5.069283588711771
0.0
0.0
0.0
0.0
0.0
0.0
5.4547158709486725
5.452692814125025
5.44826251899032
5.441617556242064
5.43295049657776
5.4224539106949186
5.410320369291043
5.396742443063638
5.381912702710209
5.366023718928265
5.349268062415309
5.331838303868848
5.313927013986387
5.2957267634654315
5.277430123003488
5.259229663298064
5.241317955046661
5.223887568946788
5.2071310756959495
5.191241045991651
5.1764100505314
5.162830660012701
5.15069544513306
5.140196976589982
5.131527825080975
5.1248805613035415
5.1204477559551895
5.118421979733424
5.118995803335751
0.0
5.261326560988969
5.260551579342976
5.258024598115984
5.25386848205622
5.248206095911915
5.241160304431298
5.232853972362597
5.223409964454041
5.212951145453862
5.201600380110286
5.189480533171544
5.176714469385864
5.163425053501475
5.149735150266609
5.13576762442949
5.121645340738351
5.10749116394142
5.0934279587869264
5.0795785900230985
5.0660659223981686
5.053012820660361
5.040542149557907
5.028776773839036
5.017839558251978
5.007853367544961
4.998941066466213
4.991225519763966
4.984829592186448
4.979876148481886
4.976488053398511
4.974788171684555
4.974899368088241
4.976944507357802
4.981046454241466
0.0
0.0
0.0
0.0
0.0
5.392257984240746
5.381185883793978
5.369211074096312
5.356489067874467
5.343175377855161
5.329425516765113
5.315394997331041
5.301239332279665
5.287114034337705
5.273174616231877
5.259576590688903
5.2464754704355006
5.234026768198387
5.222385996704283
5.211708668679906
5.2021502968519755
5.193866393947212
5.187012472692333
5.181744045814055
5.1782166260391005
5.176585726094187
5.177006858706032
5.179635536601357
0.0
0.0
0.0
5.457347568459718
5.453834928770672
5.453046971469758
5.454577720107686
5.458021198235172
5.462971429402928
5.469022437161668
5.475768245062103
5.482802876654949
5.489720355490917
5.496114705120721
5.501579949095076
5.505710110964693
5.508099214280285
5.508341282592568
5.506030339452251
5.500760408410051
0.0
0.0
5.312880519895906
5.279225498425465
5.249383880785942
5.223192435172593
5.200487929780675
5.181107132805446
5.164886812442159
5.151663736886073
5.141274674332443
5.133556392976528
5.128345661013581
5.125479246638861
5.124793918047622
5.126126443435123
5.1293135909966185
5.134192128927365
5.140598825422622
5.1483704486776425
5.157343766887684
5.167355548248001
5.178242560953853
5.189841573200496
0.0
0.0
0.0
0.0
0.0
0.0
5.458816372396287
5.454866329189636
5.443233641976559
5.425072154187935
5.401535709254635
5.3737781506075395
5.342953321677523
5.310215065895464
5.276717226692236
5.2436136474987185
5.212058171745786
5.1832046428643155
5.158206904285183
5.138218799439265
5.12439417175744
5.117886864670581
0.0
0.0
0.0
0.0
0.0
0.0
0.0
0.0
0.0
0.0
0.0
0.0
0.0
0.0
5.294644237782795
5.266161833459549
5.240253070655336
5.216823846626486
5.19578005862933
5.177027603920194
5.16047237975541
5.146020283391307
5.133577212084214
5.123049063090458
5.1143417336663735
5.107361121068286
5.102013122552526
5.098203635375422
5.095838556793305
5.094823784062503
5.095065214439345
5.096468745180163
5.098940273541283
5.102385696779037
5.106710912149753
5.111821816909759
5.117624308315387
5.124024283622965
5.130927640088823
5.13824027496929
5.145868085520693
5.153716968999365
5.161692822661635
5.169701543763831
5.177649029562282
5.185441177313319
5.19298388427327
5.200183047698465
0.0
0.0
0.0
0.0
0.0
0.0
0.0
0.0
0.0
0.0
0.0
0.0
0.0
0.0
0.0
0.0
0.0
0.0
0.0
0.0
0.0
0.0
0.0
5.325626320431099
5.304231505403257
5.2832474193824295
5.262761422883368
5.242860876420821
5.223633140509534
5.205165575664261
5.187545542399749
5.170860401230746
5.155197512672002
5.1406442372382655
5.127287935444285
5.11521596780481
5.104515694834589
5.095274477048373
5.087579674960908
5.081518649086945
5.077178759941233
5.0746473680385185
5.074011833893554
5.075359518021084
5.078777780935861
5.084353983152634
5.092175485186152
0.0
0.0
0.0
5.377882147466264
5.336354228098522
5.299810651456033
5.268593169816553
5.243043535457832
5.223503500657622
5.210314817693678
5.203819238843751
5.204358516385594
0.0
0.0
0.0
0.0
0.0
5.441839987873119
5.450223335014683
5.448618521381388
5.438618722656408
5.421817114522924
5.399806872664113
5.37418117276315
5.346533190503214
5.318456101567483
5.291543081639133
5.267387306401342
5.247581951537288
5.233720192730147
0.0
0.0
0.0
0.0
5.306294881193592
5.273848891471082
5.245623420482874
5.221397267807371
5.200949233022968
5.184058115708068
5.170502715441067
5.160061831800367
5.152514264364363
5.147638812711459
5.14521427642005
5.145019455068536
5.1468331482353165
5.1504341554987905
5.155601276437356
5.162113310629414
5.1697490576533625
5.178287317087601
5.187506888510526
5.1971865715005405
5.207105165636041
5.217041470495426
5.226774285657096
5.23608241069945
0.0
0.0
0.0
0.0
0.0
5.469561849828987
5.466813026836372
5.465891974186244
5.466534193154066
5.468475185015302
5.471450451045417
5.475195492519871
5.47944581071413
5.483936906903655
5.488404282363912
5.492583438370363
5.49620987619847
5.499019097123698
5.5007466024215095
5.501127893367368
5.499898471236737
5.496793837305081
5.49154949284786
0.0
0.0
0.0
0.0
0.0
0.0
0.0
0.0
0.0
0.0
0.0
0.0
0.0
0.0
0.0
0.0
5.3260316999467925
5.287282254935868
5.2366833755882
5.1795146631175015
5.121055718737487
5.066586143661874
5.021385539104378
4.990733506278714
4.979909646398597
0.0
0.0
0.0
0.0
0.0
0.0
0.0
0.0
0.0
0.0
0.0
0.0
0.0
0.0
0.0
0.0
0.0
0.0
0.0
0.0
0.0
0.0
0.0
0.0
0.0
0.0
0.0
0.0
0.0
0.0
0.0
0.0
0.0
0.0
0.0
0.0
0.0
0.0
0.0
0.0
0.0
0.0
0.0
0.0
0.0
0.0
0.0
0.0
0.0
0.0
0.0
0.0
0.0
0.0
0.0
0.0
0.0
0.0
0.0
0.0
0.0
0.0
0.0
0.0
0.0
0.0
0.0
0.0
0.0
0.0
0.0
0.0
0.0
0.0
0.0
0.0
0.0
0.0
0.0
0.0
0.0
0.0
0.0
0.0
0.0
0.0
0.0
0.0
0.0
